 1.00000000e+00 -1.28486113e+02  1.00000000e+00 -1.34503328e+00 
 1.02329299e+00 -1.28486000e+02  1.02329299e+00 -1.37635121e+00 
 1.04712855e+00 -1.28485882e+02  1.04712855e+00 -1.40839778e+00 
 1.07151931e+00 -1.28485759e+02  1.07151931e+00 -1.44118990e+00 
 1.09647820e+00 -1.28485629e+02  1.09647820e+00 -1.47474487e+00 
 1.12201845e+00 -1.28485494e+02  1.12201845e+00 -1.50908039e+00 
 1.14815362e+00 -1.28485352e+02  1.14815362e+00 -1.54421456e+00 
 1.17489755e+00 -1.28485203e+02  1.17489755e+00 -1.58016591e+00 
 1.20226443e+00 -1.28485047e+02  1.20226443e+00 -1.61695339e+00 
 1.23026877e+00 -1.28484884e+02  1.23026877e+00 -1.65459637e+00 
 1.25892541e+00 -1.28484714e+02  1.25892541e+00 -1.69311469e+00 
 1.28824955e+00 -1.28484535e+02  1.28824955e+00 -1.73252864e+00 
 1.31825674e+00 -1.28484348e+02  1.31825674e+00 -1.77285896e+00 
 1.34896288e+00 -1.28484152e+02  1.34896288e+00 -1.81412687e+00 
 1.38038426e+00 -1.28483947e+02  1.38038426e+00 -1.85635408e+00 
 1.41253754e+00 -1.28483732e+02  1.41253754e+00 -1.89956280e+00 
 1.44543977e+00 -1.28483507e+02  1.44543977e+00 -1.94377575e+00 
 1.47910839e+00 -1.28483272e+02  1.47910839e+00 -1.98901615e+00 
 1.51356125e+00 -1.28483025e+02  1.51356125e+00 -2.03530776e+00 
 1.54881662e+00 -1.28482767e+02  1.54881662e+00 -2.08267490e+00 
 1.58489319e+00 -1.28482497e+02  1.58489319e+00 -2.13114240e+00 
 1.62181010e+00 -1.28482214e+02  1.62181010e+00 -2.18073570e+00 
 1.65958691e+00 -1.28481917e+02  1.65958691e+00 -2.23148080e+00 
 1.69824365e+00 -1.28481607e+02  1.69824365e+00 -2.28340427e+00 
 1.73780083e+00 -1.28481282e+02  1.73780083e+00 -2.33653331e+00 
 1.77827941e+00 -1.28480942e+02  1.77827941e+00 -2.39089572e+00 
 1.81970086e+00 -1.28480586e+02  1.81970086e+00 -2.44651994e+00 
 1.86208714e+00 -1.28480213e+02  1.86208714e+00 -2.50343503e+00 
 1.90546072e+00 -1.28479823e+02  1.90546072e+00 -2.56167072e+00 
 1.94984460e+00 -1.28479414e+02  1.94984460e+00 -2.62125742e+00 
 1.99526231e+00 -1.28478986e+02  1.99526231e+00 -2.68222620e+00 
 2.04173794e+00 -1.28478537e+02  2.04173794e+00 -2.74460883e+00 
 2.08929613e+00 -1.28478068e+02  2.08929613e+00 -2.80843779e+00 
 2.13796209e+00 -1.28477577e+02  2.13796209e+00 -2.87374630e+00 
 2.18776162e+00 -1.28477062e+02  2.18776162e+00 -2.94056830e+00 
 2.23872114e+00 -1.28476524e+02  2.23872114e+00 -3.00893850e+00 
 2.29086765e+00 -1.28475960e+02  2.29086765e+00 -3.07889236e+00 
 2.34422882e+00 -1.28475369e+02  2.34422882e+00 -3.15046615e+00 
 2.39883292e+00 -1.28474751e+02  2.39883292e+00 -3.22369691e+00 
 2.45470892e+00 -1.28474104e+02  2.45470892e+00 -3.29862253e+00 
 2.51188643e+00 -1.28473426e+02  2.51188643e+00 -3.37528169e+00 
 2.57039578e+00 -1.28472717e+02  2.57039578e+00 -3.45371395e+00 
 2.63026799e+00 -1.28471974e+02  2.63026799e+00 -3.53395972e+00 
 2.69153480e+00 -1.28471197e+02  2.69153480e+00 -3.61606028e+00 
 2.75422870e+00 -1.28470383e+02  2.75422870e+00 -3.70005782e+00 
 2.81838293e+00 -1.28469530e+02  2.81838293e+00 -3.78599542e+00 
 2.88403150e+00 -1.28468638e+02  2.88403150e+00 -3.87391710e+00 
 2.95120923e+00 -1.28467704e+02  2.95120923e+00 -3.96386784e+00 
 3.01995172e+00 -1.28466726e+02  3.01995172e+00 -4.05589354e+00 
 3.09029543e+00 -1.28465702e+02  3.09029543e+00 -4.15004109e+00 
 3.16227766e+00 -1.28464630e+02  3.16227766e+00 -4.24635838e+00 
 3.23593657e+00 -1.28463508e+02  3.23593657e+00 -4.34489429e+00 
 3.31131121e+00 -1.28462334e+02  3.31131121e+00 -4.44569875e+00 
 3.38844156e+00 -1.28461104e+02  3.38844156e+00 -4.54882270e+00 
 3.46736850e+00 -1.28459817e+02  3.46736850e+00 -4.65431815e+00 
 3.54813389e+00 -1.28458469e+02  3.54813389e+00 -4.76223816e+00 
 3.63078055e+00 -1.28457059e+02  3.63078055e+00 -4.87263690e+00 
 3.71535229e+00 -1.28455582e+02  3.71535229e+00 -4.98556962e+00 
 3.80189396e+00 -1.28454037e+02  3.80189396e+00 -5.10109268e+00 
 3.89045145e+00 -1.28452419e+02  3.89045145e+00 -5.21926355e+00 
 3.98107171e+00 -1.28450726e+02  3.98107171e+00 -5.34014091e+00 
 4.07380278e+00 -1.28448953e+02  4.07380278e+00 -5.46378453e+00 
 4.16869383e+00 -1.28447098e+02  4.16869383e+00 -5.59025535e+00 
 4.26579519e+00 -1.28445156e+02  4.26579519e+00 -5.71961550e+00 
 4.36515832e+00 -1.28443124e+02  4.36515832e+00 -5.85192828e+00 
 4.46683592e+00 -1.28440996e+02  4.46683592e+00 -5.98725820e+00 
 4.57088190e+00 -1.28438770e+02  4.57088190e+00 -6.12567098e+00 
 4.67735141e+00 -1.28436440e+02  4.67735141e+00 -6.26723354e+00 
 4.78630092e+00 -1.28434002e+02  4.78630092e+00 -6.41201401e+00 
 4.89778819e+00 -1.28431450e+02  4.89778819e+00 -6.56008176e+00 
 5.01187234e+00 -1.28428779e+02  5.01187234e+00 -6.71150738e+00 
 5.12861384e+00 -1.28425984e+02  5.12861384e+00 -6.86636275e+00 
 5.24807460e+00 -1.28423060e+02  5.24807460e+00 -7.02472082e+00 
 5.37031796e+00 -1.28420000e+02  5.37031796e+00 -7.18665592e+00 
 5.49540874e+00 -1.28416798e+02  5.49540874e+00 -7.35224356e+00 
 5.62341325e+00 -1.28413447e+02  5.62341325e+00 -7.52156045e+00 
 5.75439937e+00 -1.28409942e+02  5.75439937e+00 -7.69468455e+00 
 5.88843655e+00 -1.28406274e+02  5.88843655e+00 -7.87169499e+00 
 6.02559586e+00 -1.28402436e+02  6.02559586e+00 -8.05267210e+00 
 6.16595002e+00 -1.28398422e+02  6.16595002e+00 -8.23769738e+00 
 6.30957344e+00 -1.28394222e+02  6.30957344e+00 -8.42685350e+00 
 6.45654229e+00 -1.28389829e+02  6.45654229e+00 -8.62022425e+00 
 6.60693448e+00 -1.28385233e+02  6.60693448e+00 -8.81789458e+00 
 6.76082975e+00 -1.28380426e+02  6.76082975e+00 -9.01995031e+00 
 6.91830971e+00 -1.28375398e+02  6.91830971e+00 -9.22647860e+00 
 7.07945784e+00 -1.28370139e+02  7.07945784e+00 -9.43756743e+00 
 7.24435960e+00 -1.28364640e+02  7.24435960e+00 -9.65330580e+00 
 7.41310241e+00 -1.28358888e+02  7.41310241e+00 -9.87378360e+00 
 7.58577575e+00 -1.28352874e+02  7.58577575e+00 -1.00990916e+01 
 7.76247117e+00 -1.28346585e+02  7.76247117e+00 -1.03293214e+01 
 7.94328235e+00 -1.28340009e+02  7.94328235e+00 -1.05645653e+01 
 8.12830516e+00 -1.28333135e+02  8.12830516e+00 -1.08049163e+01 
 8.31763771e+00 -1.28325948e+02  8.31763771e+00 -1.10504679e+01 
 8.51138038e+00 -1.28318435e+02  8.51138038e+00 -1.13013144e+01 
 8.70963590e+00 -1.28310581e+02  8.70963590e+00 -1.15575500e+01 
 8.91250938e+00 -1.28302373e+02  8.91250938e+00 -1.18192699e+01 
 9.12010839e+00 -1.28293795e+02  9.12010839e+00 -1.20865690e+01 
 9.33254301e+00 -1.28284830e+02  9.33254301e+00 -1.23595424e+01 
 9.54992586e+00 -1.28275463e+02  9.54992586e+00 -1.26382852e+01 
 9.77237221e+00 -1.28265676e+02  9.77237221e+00 -1.29228927e+01 
 1.00000000e+01 -1.28255451e+02  1.00000000e+01 -1.32134592e+01 
 1.02329299e+01 -1.28244770e+02  1.02329299e+01 -1.35100792e+01 
 1.04712855e+01 -1.28233614e+02  1.04712855e+01 -1.38128463e+01 
 1.07151931e+01 -1.28221963e+02  1.07151931e+01 -1.41218534e+01 
 1.09647820e+01 -1.28209796e+02  1.09647820e+01 -1.44371922e+01 
 1.12201845e+01 -1.28197091e+02  1.12201845e+01 -1.47589537e+01 
 1.14815362e+01 -1.28183828e+02  1.14815362e+01 -1.50872272e+01 
 1.17489755e+01 -1.28169984e+02  1.17489755e+01 -1.54221005e+01 
 1.20226443e+01 -1.28155533e+02  1.20226443e+01 -1.57636596e+01 
 1.23026877e+01 -1.28140454e+02  1.23026877e+01 -1.61119885e+01 
 1.25892541e+01 -1.28124719e+02  1.25892541e+01 -1.64671687e+01 
 1.28824955e+01 -1.28108304e+02  1.28824955e+01 -1.68292794e+01 
 1.31825674e+01 -1.28091181e+02  1.31825674e+01 -1.71983969e+01 
 1.34896288e+01 -1.28073323e+02  1.34896288e+01 -1.75745944e+01 
 1.38038426e+01 -1.28054702e+02  1.38038426e+01 -1.79579413e+01 
 1.41253754e+01 -1.28035289e+02  1.41253754e+01 -1.83485036e+01 
 1.44543977e+01 -1.28015054e+02  1.44543977e+01 -1.87463432e+01 
 1.47910839e+01 -1.27993965e+02  1.47910839e+01 -1.91515176e+01 
 1.51356125e+01 -1.27971992e+02  1.51356125e+01 -1.95640794e+01 
 1.54881662e+01 -1.27949101e+02  1.54881662e+01 -1.99840763e+01 
 1.58489319e+01 -1.27925261e+02  1.58489319e+01 -2.04115502e+01 
 1.62181010e+01 -1.27900436e+02  1.62181010e+01 -2.08465374e+01 
 1.65958691e+01 -1.27874593e+02  1.65958691e+01 -2.12890679e+01 
 1.69824365e+01 -1.27847696e+02  1.69824365e+01 -2.17391651e+01 
 1.73780083e+01 -1.27819708e+02  1.73780083e+01 -2.21968455e+01 
 1.77827941e+01 -1.27790593e+02  1.77827941e+01 -2.26621179e+01 
 1.81970086e+01 -1.27760314e+02  1.81970086e+01 -2.31349834e+01 
 1.86208714e+01 -1.27728833e+02  1.86208714e+01 -2.36154354e+01 
 1.90546072e+01 -1.27696110e+02  1.90546072e+01 -2.41034580e+01 
 1.94984460e+01 -1.27662108e+02  1.94984460e+01 -2.45990267e+01 
 1.99526231e+01 -1.27626786e+02  1.99526231e+01 -2.51021075e+01 
 2.04173794e+01 -1.27590105e+02  2.04173794e+01 -2.56126569e+01 
 2.08929613e+01 -1.27552025e+02  2.08929613e+01 -2.61306212e+01 
 2.13796209e+01 -1.27512504e+02  2.13796209e+01 -2.66559365e+01 
 2.18776162e+01 -1.27471503e+02  2.18776162e+01 -2.71885277e+01 
 2.23872114e+01 -1.27428980e+02  2.23872114e+01 -2.77283091e+01 
 2.29086765e+01 -1.27384896e+02  2.29086765e+01 -2.82751840e+01 
 2.34422882e+01 -1.27339208e+02  2.34422882e+01 -2.88290431e+01 
 2.39883292e+01 -1.27291876e+02  2.39883292e+01 -2.93897664e+01 
 2.45470892e+01 -1.27242861e+02  2.45470892e+01 -2.99572214e+01 
 2.51188643e+01 -1.27192122e+02  2.51188643e+01 -3.05312636e+01 
 2.57039578e+01 -1.27139619e+02  2.57039578e+01 -3.11117365e+01 
 2.63026799e+01 -1.27085314e+02  2.63026799e+01 -3.16984711e+01 
 2.69153480e+01 -1.27029168e+02  2.69153480e+01 -3.22912868e+01 
 2.75422870e+01 -1.26971143e+02  2.75422870e+01 -3.28899888e+01 
 2.81838293e+01 -1.26911204e+02  2.81838293e+01 -3.34943728e+01 
 2.88403150e+01 -1.26849314e+02  2.88403150e+01 -3.41042207e+01 
 2.95120923e+01 -1.26785439e+02  2.95120923e+01 -3.47193032e+01 
 3.01995172e+01 -1.26719545e+02  3.01995172e+01 -3.53393795e+01 
 3.09029543e+01 -1.26651601e+02  3.09029543e+01 -3.59641973e+01 
 3.16227766e+01 -1.26581577e+02  3.16227766e+01 -3.65934937e+01 
 3.23593657e+01 -1.26509442e+02  3.23593657e+01 -3.72269947e+01 
 3.31131121e+01 -1.26435170e+02  3.31131121e+01 -3.78644167e+01 
 3.38844156e+01 -1.26358736e+02  3.38844156e+01 -3.85054666e+01 
 3.46736850e+01 -1.26280116e+02  3.46736850e+01 -3.91498426e+01 
 3.54813389e+01 -1.26199288e+02  3.54813389e+01 -3.97972337e+01 
 3.63078055e+01 -1.26116233e+02  3.63078055e+01 -4.04473227e+01 
 3.71535229e+01 -1.26030932e+02  3.71535229e+01 -4.10997845e+01 
 3.80189396e+01 -1.25943373e+02  3.80189396e+01 -4.17542885e+01 
 3.89045145e+01 -1.25853540e+02  3.89045145e+01 -4.24104982e+01 
 3.98107171e+01 -1.25761423e+02  3.98107171e+01 -4.30680736e+01 
 4.07380278e+01 -1.25667014e+02  4.07380278e+01 -4.37266689e+01 
 4.16869383e+01 -1.25570308e+02  4.16869383e+01 -4.43859390e+01 
 4.26579519e+01 -1.25471300e+02  4.26579519e+01 -4.50455342e+01 
 4.36515832e+01 -1.25369990e+02  4.36515832e+01 -4.57051054e+01 
 4.46683592e+01 -1.25266379e+02  4.46683592e+01 -4.63643026e+01 
 4.57088190e+01 -1.25160471e+02  4.57088190e+01 -4.70227781e+01 
 4.67735141e+01 -1.25052272e+02  4.67735141e+01 -4.76801851e+01 
 4.78630092e+01 -1.24941791e+02  4.78630092e+01 -4.83361796e+01 
 4.89778819e+01 -1.24829038e+02  4.89778819e+01 -4.89904214e+01 
 5.01187234e+01 -1.24714027e+02  5.01187234e+01 -4.96425755e+01 
 5.12861384e+01 -1.24596774e+02  5.12861384e+01 -5.02923113e+01 
 5.24807460e+01 -1.24477296e+02  5.24807460e+01 -5.09393051e+01 
 5.37031796e+01 -1.24355613e+02  5.37031796e+01 -5.15832405e+01 
 5.49540874e+01 -1.24231747e+02  5.49540874e+01 -5.22238080e+01 
 5.62341325e+01 -1.24105723e+02  5.62341325e+01 -5.28607060e+01 
 5.75439937e+01 -1.23977564e+02  5.75439937e+01 -5.34936439e+01 
 5.88843655e+01 -1.23847300e+02  5.88843655e+01 -5.41223381e+01 
 6.02559586e+01 -1.23714959e+02  6.02559586e+01 -5.47465173e+01 
 6.16595002e+01 -1.23580572e+02  6.16595002e+01 -5.53659191e+01 
 6.30957344e+01 -1.23444168e+02  6.30957344e+01 -5.59802594e+01 
 6.45654229e+01 -1.23305787e+02  6.45654229e+01 -5.65893668e+01 
 6.60693448e+01 -1.23165460e+02  6.60693448e+01 -5.71929798e+01 
 6.76082975e+01 -1.23023223e+02  6.76082975e+01 -5.77908820e+01 
 6.91830971e+01 -1.22879113e+02  6.91830971e+01 -5.83828701e+01 
 7.07945784e+01 -1.22733167e+02  7.07945784e+01 -5.89687518e+01 
 7.24435960e+01 -1.22585424e+02  7.24435960e+01 -5.95483479e+01 
 7.41310241e+01 -1.22435923e+02  7.41310241e+01 -6.01214903e+01 
 7.58577575e+01 -1.22284704e+02  7.58577575e+01 -6.06880250e+01 
 7.76247117e+01 -1.22131806e+02  7.76247117e+01 -6.12478094e+01 
 7.94328235e+01 -1.21977270e+02  7.94328235e+01 -6.18007124e+01 
 8.12830516e+01 -1.21821137e+02  8.12830516e+01 -6.23466151e+01 
 8.31763771e+01 -1.21663448e+02  8.31763771e+01 -6.28854110e+01 
 8.51138038e+01 -1.21504242e+02  8.51138038e+01 -6.34170038e+01 
 8.70963590e+01 -1.21343562e+02  8.70963590e+01 -6.39413093e+01 
 8.91250938e+01 -1.21181447e+02  8.91250938e+01 -6.44582549e+01 
 9.12010839e+01 -1.21017938e+02  9.12010839e+01 -6.49677776e+01 
 9.33254301e+01 -1.20853075e+02  9.33254301e+01 -6.54698252e+01 
 9.54992586e+01 -1.20686898e+02  9.54992586e+01 -6.59643548e+01 
 9.77237221e+01 -1.20519447e+02  9.77237221e+01 -6.64513349e+01 
 1.00000000e+02 -1.20350760e+02  1.00000000e+02 -6.69307410e+01 
 1.02329299e+02 -1.20180877e+02  1.02329299e+02 -6.74025600e+01 
 1.04712855e+02 -1.20009834e+02  1.04712855e+02 -6.78667855e+01 
 1.07151931e+02 -1.19837669e+02  1.07151931e+02 -6.83234195e+01 
 1.09647820e+02 -1.19664419e+02  1.09647820e+02 -6.87724723e+01 
 1.12201845e+02 -1.19490119e+02  1.12201845e+02 -6.92139616e+01 
 1.14815362e+02 -1.19314806e+02  1.14815362e+02 -6.96479108e+01 
 1.17489755e+02 -1.19138514e+02  1.17489755e+02 -7.00743516e+01 
 1.20226443e+02 -1.18961275e+02  1.20226443e+02 -7.04933206e+01 
 1.23026877e+02 -1.18783125e+02  1.23026877e+02 -7.09048611e+01 
 1.25892541e+02 -1.18604094e+02  1.25892541e+02 -7.13090212e+01 
 1.28824955e+02 -1.18424214e+02  1.28824955e+02 -7.17058544e+01 
 1.31825674e+02 -1.18243516e+02  1.31825674e+02 -7.20954181e+01 
 1.34896288e+02 -1.18062030e+02  1.34896288e+02 -7.24777757e+01 
 1.38038426e+02 -1.17879785e+02  1.38038426e+02 -7.28529929e+01 
 1.41253754e+02 -1.17696808e+02  1.41253754e+02 -7.32211404e+01 
 1.44543977e+02 -1.17513128e+02  1.44543977e+02 -7.35822915e+01 
 1.47910839e+02 -1.17328771e+02  1.47910839e+02 -7.39365224e+01 
 1.51356125e+02 -1.17143762e+02  1.51356125e+02 -7.42839138e+01 
 1.54881662e+02 -1.16958127e+02  1.54881662e+02 -7.46245461e+01 
 1.58489319e+02 -1.16771891e+02  1.58489319e+02 -7.49585050e+01 
 1.62181010e+02 -1.16585075e+02  1.62181010e+02 -7.52858760e+01 
 1.65958691e+02 -1.16397704e+02  1.65958691e+02 -7.56067470e+01 
 1.69824365e+02 -1.16209799e+02  1.69824365e+02 -7.59212079e+01 
 1.73780083e+02 -1.16021380e+02  1.73780083e+02 -7.62293498e+01 
 1.77827941e+02 -1.15832470e+02  1.77827941e+02 -7.65312646e+01 
 1.81970086e+02 -1.15643087e+02  1.81970086e+02 -7.68270450e+01 
 1.86208714e+02 -1.15453250e+02  1.86208714e+02 -7.71167850e+01 
 1.90546072e+02 -1.15262978e+02  1.90546072e+02 -7.74005789e+01 
 1.94984460e+02 -1.15072289e+02  1.94984460e+02 -7.76785217e+01 
 1.99526231e+02 -1.14881199e+02  1.99526231e+02 -7.79507077e+01 
 2.04173794e+02 -1.14689726e+02  2.04173794e+02 -7.82172329e+01 
 2.08929613e+02 -1.14497884e+02  2.08929613e+02 -7.84781919e+01 
 2.13796209e+02 -1.14305689e+02  2.13796209e+02 -7.87336799e+01 
 2.18776162e+02 -1.14113157e+02  2.18776162e+02 -7.89837917e+01 
 2.23872114e+02 -1.13920300e+02  2.23872114e+02 -7.92286218e+01 
 2.29086765e+02 -1.13727132e+02  2.29086765e+02 -7.94682642e+01 
 2.34422882e+02 -1.13533668e+02  2.34422882e+02 -7.97028125e+01 
 2.39883292e+02 -1.13339918e+02  2.39883292e+02 -7.99323593e+01 
 2.45470892e+02 -1.13145895e+02  2.45470892e+02 -8.01569973e+01 
 2.51188643e+02 -1.12951611e+02  2.51188643e+02 -8.03768178e+01 
 2.57039578e+02 -1.12757077e+02  2.57039578e+02 -8.05919110e+01 
 2.63026799e+02 -1.12562303e+02  2.63026799e+02 -8.08023672e+01 
 2.69153480e+02 -1.12367300e+02  2.69153480e+02 -8.10082752e+01 
 2.75422870e+02 -1.12172078e+02  2.75422870e+02 -8.12097226e+01 
 2.81838293e+02 -1.11976645e+02  2.81838293e+02 -8.14067965e+01 
 2.88403150e+02 -1.11781011e+02  2.88403150e+02 -8.15995828e+01 
 2.95120923e+02 -1.11585185e+02  2.95120923e+02 -8.17881662e+01 
 3.01995172e+02 -1.11389174e+02  3.01995172e+02 -8.19726303e+01 
 3.09029543e+02 -1.11192988e+02  3.09029543e+02 -8.21530575e+01 
 3.16227766e+02 -1.10996633e+02  3.16227766e+02 -8.23295293e+01 
 3.23593657e+02 -1.10800117e+02  3.23593657e+02 -8.25021255e+01 
 3.31131121e+02 -1.10603446e+02  3.31131121e+02 -8.26709257e+01 
 3.38844156e+02 -1.10406629e+02  3.38844156e+02 -8.28360071e+01 
 3.46736850e+02 -1.10209670e+02  3.46736850e+02 -8.29974466e+01 
 3.54813389e+02 -1.10012576e+02  3.54813389e+02 -8.31553195e+01 
 3.63078055e+02 -1.09815353e+02  3.63078055e+02 -8.33096999e+01 
 3.71535229e+02 -1.09618007e+02  3.71535229e+02 -8.34606606e+01 
 3.80189396e+02 -1.09420543e+02  3.80189396e+02 -8.36082735e+01 
 3.89045145e+02 -1.09222966e+02  3.89045145e+02 -8.37526085e+01 
 3.98107171e+02 -1.09025282e+02  3.98107171e+02 -8.38937352e+01 
 4.07380278e+02 -1.08827494e+02  4.07380278e+02 -8.40317217e+01 
 4.16869383e+02 -1.08629608e+02  4.16869383e+02 -8.41666344e+01 
 4.26579519e+02 -1.08431628e+02  4.26579519e+02 -8.42985389e+01 
 4.36515832e+02 -1.08233557e+02  4.36515832e+02 -8.44274998e+01 
 4.46683592e+02 -1.08035401e+02  4.46683592e+02 -8.45535800e+01 
 4.57088190e+02 -1.07837162e+02  4.57088190e+02 -8.46768418e+01 
 4.67735141e+02 -1.07638845e+02  4.67735141e+02 -8.47973454e+01 
 4.78630092e+02 -1.07440453e+02  4.78630092e+02 -8.49151509e+01 
 4.89778819e+02 -1.07241988e+02  4.89778819e+02 -8.50303167e+01 
 5.01187234e+02 -1.07043456e+02  5.01187234e+02 -8.51429000e+01 
 5.12861384e+02 -1.06844857e+02  5.12861384e+02 -8.52529570e+01 
 5.24807460e+02 -1.06646196e+02  5.24807460e+02 -8.53605431e+01 
 5.37031796e+02 -1.06447475e+02  5.37031796e+02 -8.54657121e+01 
 5.49540874e+02 -1.06248697e+02  5.49540874e+02 -8.55685169e+01 
 5.62341325e+02 -1.06049864e+02  5.62341325e+02 -8.56690093e+01 
 5.75439937e+02 -1.05850979e+02  5.75439937e+02 -8.57672402e+01 
 5.88843655e+02 -1.05652044e+02  5.88843655e+02 -8.58632567e+01 
 6.02559586e+02 -1.05453062e+02  6.02559586e+02 -8.59571129e+01 
 6.16595002e+02 -1.05254034e+02  6.16595002e+02 -8.60488539e+01 
 6.30957344e+02 -1.05054962e+02  6.30957344e+02 -8.61385266e+01 
 6.45654229e+02 -1.04855848e+02  6.45654229e+02 -8.62261766e+01 
 6.60693448e+02 -1.04656695e+02  6.60693448e+02 -8.63118486e+01 
 6.76082975e+02 -1.04457504e+02  6.76082975e+02 -8.63955845e+01 
 6.91830971e+02 -1.04258277e+02  6.91830971e+02 -8.64774315e+01 
 7.07945784e+02 -1.04059015e+02  7.07945784e+02 -8.65574298e+01 
 7.24435960e+02 -1.03859720e+02  7.24435960e+02 -8.66356203e+01 
 7.41310241e+02 -1.03660393e+02  7.41310241e+02 -8.67120433e+01 
 7.58577575e+02 -1.03461036e+02  7.58577575e+02 -8.67867320e+01 
 7.76247117e+02 -1.03261651e+02  7.76247117e+02 -8.68597377e+01 
 7.94328235e+02 -1.03062237e+02  7.94328235e+02 -8.69310917e+01 
 8.12830516e+02 -1.02862798e+02  8.12830516e+02 -8.70008309e+01 
 8.31763771e+02 -1.02663333e+02  8.31763771e+02 -8.70689914e+01 
 8.51138038e+02 -1.02463844e+02  8.51138038e+02 -8.71356088e+01 
 8.70963590e+02 -1.02264332e+02  8.70963590e+02 -8.72007175e+01 
 8.91250938e+02 -1.02064799e+02  8.91250938e+02 -8.72643480e+01 
 9.12010839e+02 -1.01865244e+02  9.12010839e+02 -8.73265404e+01 
 9.33254301e+02 -1.01665669e+02  9.33254301e+02 -8.73873234e+01 
 9.54992586e+02 -1.01466076e+02  9.54992586e+02 -8.74467273e+01 
 9.77237221e+02 -1.01266464e+02  9.77237221e+02 -8.75047862e+01 
 1.00000000e+03 -1.01066834e+02  1.00000000e+03 -8.75615273e+01 
 1.02329299e+03 -1.00867188e+02  1.02329299e+03 -8.76169832e+01 
 1.04712855e+03 -1.00667526e+02  1.04712855e+03 -8.76711815e+01 
 1.07151931e+03 -1.00467849e+02  1.07151931e+03 -8.77241490e+01 
 1.09647820e+03 -1.00268157e+02  1.09647820e+03 -8.77759164e+01 
 1.12201845e+03 -1.00068452e+02  1.12201845e+03 -8.78265079e+01 
 1.14815362e+03 -9.98687331e+01  1.14815362e+03 -8.78759528e+01 
 1.17489755e+03 -9.96690017e+01  1.17489755e+03 -8.79242756e+01 
 1.20226443e+03 -9.94692583e+01  1.20226443e+03 -8.79714991e+01 
 1.23026877e+03 -9.92695033e+01  1.23026877e+03 -8.80176534e+01 
 1.25892541e+03 -9.90697372e+01  1.25892541e+03 -8.80627586e+01 
 1.28824955e+03 -9.88699607e+01  1.28824955e+03 -8.81068411e+01 
 1.31825674e+03 -9.86701741e+01  1.31825674e+03 -8.81499193e+01 
 1.34896288e+03 -9.84703779e+01  1.34896288e+03 -8.81920228e+01 
 1.38038426e+03 -9.82705726e+01  1.38038426e+03 -8.82331702e+01 
 1.41253754e+03 -9.80707585e+01  1.41253754e+03 -8.82733833e+01 
 1.44543977e+03 -9.78709360e+01  1.44543977e+03 -8.83126832e+01 
 1.47910839e+03 -9.76711056e+01  1.47910839e+03 -8.83510872e+01 
 1.51356125e+03 -9.74712675e+01  1.51356125e+03 -8.83886211e+01 
 1.54881662e+03 -9.72714222e+01  1.54881662e+03 -8.84253016e+01 
 1.58489319e+03 -9.70715699e+01  1.58489319e+03 -8.84611508e+01 
 1.62181010e+03 -9.68717109e+01  1.62181010e+03 -8.84961846e+01 
 1.65958691e+03 -9.66718456e+01  1.65958691e+03 -8.85304227e+01 
 1.69824365e+03 -9.64719743e+01  1.69824365e+03 -8.85638821e+01 
 1.73780083e+03 -9.62720971e+01  1.73780083e+03 -8.85965823e+01 
 1.77827941e+03 -9.60722145e+01  1.77827941e+03 -8.86285405e+01 
 1.81970086e+03 -9.58723265e+01  1.81970086e+03 -8.86597709e+01 
 1.86208714e+03 -9.56724336e+01  1.86208714e+03 -8.86902910e+01 
 1.90546072e+03 -9.54725358e+01  1.90546072e+03 -8.87201202e+01 
 1.94984460e+03 -9.52726334e+01  1.94984460e+03 -8.87492693e+01 
 1.99526231e+03 -9.50727266e+01  1.99526231e+03 -8.87777570e+01 
 2.04173794e+03 -9.48728156e+01  2.04173794e+03 -8.88055975e+01 
 2.08929613e+03 -9.46729006e+01  2.08929613e+03 -8.88328070e+01 
 2.13796209e+03 -9.44729818e+01  2.13796209e+03 -8.88593954e+01 
 2.18776162e+03 -9.42730593e+01  2.18776162e+03 -8.88853820e+01 
 2.23872114e+03 -9.40731334e+01  2.23872114e+03 -8.89107754e+01 
 2.29086765e+03 -9.38732041e+01  2.29086765e+03 -8.89355954e+01 
 2.34422882e+03 -9.36732717e+01  2.34422882e+03 -8.89598510e+01 
 2.39883292e+03 -9.34733362e+01  2.39883292e+03 -8.89835535e+01 
 2.45470892e+03 -9.32733977e+01  2.45470892e+03 -8.90067177e+01 
 2.51188643e+03 -9.30734566e+01  2.51188643e+03 -8.90293577e+01 
 2.57039578e+03 -9.28735128e+01  2.57039578e+03 -8.90514829e+01 
 2.63026799e+03 -9.26735664e+01  2.63026799e+03 -8.90731037e+01 
 2.69153480e+03 -9.24736176e+01  2.69153480e+03 -8.90942336e+01 
 2.75422870e+03 -9.22736666e+01  2.75422870e+03 -8.91148854e+01 
 2.81838293e+03 -9.20737133e+01  2.81838293e+03 -8.91350677e+01 
 2.88403150e+03 -9.18737579e+01  2.88403150e+03 -8.91547901e+01 
 2.95120923e+03 -9.16738005e+01  2.95120923e+03 -8.91740675e+01 
 3.01995172e+03 -9.14738412e+01  3.01995172e+03 -8.91929051e+01 
 3.09029543e+03 -9.12738801e+01  3.09029543e+03 -8.92113152e+01 
 3.16227766e+03 -9.10739172e+01  3.16227766e+03 -8.92293074e+01 
 3.23593657e+03 -9.08739527e+01  3.23593657e+03 -8.92468908e+01 
 3.31131121e+03 -9.06739865e+01  3.31131121e+03 -8.92640756e+01 
 3.38844156e+03 -9.04740189e+01  3.38844156e+03 -8.92808701e+01 
 3.46736850e+03 -9.02740497e+01  3.46736850e+03 -8.92972850e+01 
 3.54813389e+03 -9.00740792e+01  3.54813389e+03 -8.93133257e+01 
 3.63078055e+03 -8.98741074e+01  3.63078055e+03 -8.93290026e+01 
 3.71535229e+03 -8.96741343e+01  3.71535229e+03 -8.93443244e+01 
 3.80189396e+03 -8.94741600e+01  3.80189396e+03 -8.93592988e+01 
 3.89045145e+03 -8.92741845e+01  3.89045145e+03 -8.93739338e+01 
 3.98107171e+03 -8.90742079e+01  3.98107171e+03 -8.93882362e+01 
 4.07380278e+03 -8.88742303e+01  4.07380278e+03 -8.94022149e+01 
 4.16869383e+03 -8.86742516e+01  4.16869383e+03 -8.94158764e+01 
 4.26579519e+03 -8.84742720e+01  4.26579519e+03 -8.94292293e+01 
 4.36515832e+03 -8.82742915e+01  4.36515832e+03 -8.94422789e+01 
 4.46683592e+03 -8.80743101e+01  4.46683592e+03 -8.94550320e+01 
 4.57088190e+03 -8.78743279e+01  4.57088190e+03 -8.94674978e+01 
 4.67735141e+03 -8.76743449e+01  4.67735141e+03 -8.94796808e+01 
 4.78630092e+03 -8.74743611e+01  4.78630092e+03 -8.94915870e+01 
 4.89778819e+03 -8.72743765e+01  4.89778819e+03 -8.95032246e+01 
 5.01187234e+03 -8.70743913e+01  5.01187234e+03 -8.95145984e+01 
 5.12861384e+03 -8.68744054e+01  5.12861384e+03 -8.95257150e+01 
 5.24807460e+03 -8.66744189e+01  5.24807460e+03 -8.95365804e+01 
 5.37031796e+03 -8.64744318e+01  5.37031796e+03 -8.95471999e+01 
 5.49540874e+03 -8.62744441e+01  5.49540874e+03 -8.95575790e+01 
 5.62341325e+03 -8.60744558e+01  5.62341325e+03 -8.95677241e+01 
 5.75439937e+03 -8.58744670e+01  5.75439937e+03 -8.95776396e+01 
 5.88843655e+03 -8.56744777e+01  5.88843655e+03 -8.95873317e+01 
 6.02559586e+03 -8.54744880e+01  6.02559586e+03 -8.95968047e+01 
 6.16595002e+03 -8.52744977e+01  6.16595002e+03 -8.96060644e+01 
 6.30957344e+03 -8.50745071e+01  6.30957344e+03 -8.96151150e+01 
 6.45654229e+03 -8.48745160e+01  6.45654229e+03 -8.96239617e+01 
 6.60693448e+03 -8.46745245e+01  6.60693448e+03 -8.96326085e+01 
 6.76082975e+03 -8.44745326e+01  6.76082975e+03 -8.96410610e+01 
 6.91830971e+03 -8.42745404e+01  6.91830971e+03 -8.96493230e+01 
 7.07945784e+03 -8.40745478e+01  7.07945784e+03 -8.96573996e+01 
 7.24435960e+03 -8.38745548e+01  7.24435960e+03 -8.96652940e+01 
 7.41310241e+03 -8.36745616e+01  7.41310241e+03 -8.96730111e+01 
 7.58577575e+03 -8.34745680e+01  7.58577575e+03 -8.96805550e+01 
 7.76247117e+03 -8.32745742e+01  7.76247117e+03 -8.96879294e+01 
 7.94328235e+03 -8.30745801e+01  7.94328235e+03 -8.96951382e+01 
 8.12830516e+03 -8.28745857e+01  8.12830516e+03 -8.97021858e+01 
 8.31763771e+03 -8.26745911e+01  8.31763771e+03 -8.97090748e+01 
 8.51138038e+03 -8.24745962e+01  8.51138038e+03 -8.97158099e+01 
 8.70963590e+03 -8.22746011e+01  8.70963590e+03 -8.97223946e+01 
 8.91250938e+03 -8.20746058e+01  8.91250938e+03 -8.97288322e+01 
 9.12010839e+03 -8.18746102e+01  9.12010839e+03 -8.97351257e+01 
 9.33254301e+03 -8.16746145e+01  9.33254301e+03 -8.97412783e+01 
 9.54992586e+03 -8.14746186e+01  9.54992586e+03 -8.97472946e+01 
 9.77237221e+03 -8.12746225e+01  9.77237221e+03 -8.97531762e+01 
 1.00000000e+04 -8.10746262e+01  1.00000000e+04 -8.97589275e+01 
 1.02329299e+04 -8.08746297e+01  1.02329299e+04 -8.97645508e+01 
 1.04712855e+04 -8.06746331e+01  1.04712855e+04 -8.97700491e+01 
 1.07151931e+04 -8.04746363e+01  1.07151931e+04 -8.97754260e+01 
 1.09647820e+04 -8.02746394e+01  1.09647820e+04 -8.97806835e+01 
 1.12201845e+04 -8.00746424e+01  1.12201845e+04 -8.97858244e+01 
 1.14815362e+04 -7.98746452e+01  1.14815362e+04 -8.97908522e+01 
 1.17489755e+04 -7.96746479e+01  1.17489755e+04 -8.97957691e+01 
 1.20226443e+04 -7.94746504e+01  1.20226443e+04 -8.98005771e+01 
 1.23026877e+04 -7.92746529e+01  1.23026877e+04 -8.98052800e+01 
 1.25892541e+04 -7.90746552e+01  1.25892541e+04 -8.98098795e+01 
 1.28824955e+04 -7.88746575e+01  1.28824955e+04 -8.98143783e+01 
 1.31825674e+04 -7.86746596e+01  1.31825674e+04 -8.98187786e+01 
 1.34896288e+04 -7.84746617e+01  1.34896288e+04 -8.98230830e+01 
 1.38038426e+04 -7.82746636e+01  1.38038426e+04 -8.98272931e+01 
 1.41253754e+04 -7.80746655e+01  1.41253754e+04 -8.98314118e+01 
 1.44543977e+04 -7.78746672e+01  1.44543977e+04 -8.98354413e+01 
 1.47910839e+04 -7.76746689e+01  1.47910839e+04 -8.98393833e+01 
 1.51356125e+04 -7.74746706e+01  1.51356125e+04 -8.98432404e+01 
 1.54881662e+04 -7.72746721e+01  1.54881662e+04 -8.98470144e+01 
 1.58489319e+04 -7.70746736e+01  1.58489319e+04 -8.98507071e+01 
 1.62181010e+04 -7.68746750e+01  1.62181010e+04 -8.98543203e+01 
 1.65958691e+04 -7.66746763e+01  1.65958691e+04 -8.98578571e+01 
 1.69824365e+04 -7.64746776e+01  1.69824365e+04 -8.98613182e+01 
 1.73780083e+04 -7.62746789e+01  1.73780083e+04 -8.98647056e+01 
 1.77827941e+04 -7.60746800e+01  1.77827941e+04 -8.98680215e+01 
 1.81970086e+04 -7.58746812e+01  1.81970086e+04 -8.98712673e+01 
 1.86208714e+04 -7.56746822e+01  1.86208714e+04 -8.98744449e+01 
 1.90546072e+04 -7.54746833e+01  1.90546072e+04 -8.98775559e+01 
 1.94984460e+04 -7.52746842e+01  1.94984460e+04 -8.98806017e+01 
 1.99526231e+04 -7.50746852e+01  1.99526231e+04 -8.98835846e+01 
 2.04173794e+04 -7.48746861e+01  2.04173794e+04 -8.98865057e+01 
 2.08929613e+04 -7.46746869e+01  2.08929613e+04 -8.98893664e+01 
 2.13796209e+04 -7.44746877e+01  2.13796209e+04 -8.98921687e+01 
 2.18776162e+04 -7.42746885e+01  2.18776162e+04 -8.98949137e+01 
 2.23872114e+04 -7.40746892e+01  2.23872114e+04 -8.98976029e+01 
 2.29086765e+04 -7.38746900e+01  2.29086765e+04 -8.99002379e+01 
 2.34422882e+04 -7.36746906e+01  2.34422882e+04 -8.99028200e+01 
 2.39883292e+04 -7.34746913e+01  2.39883292e+04 -8.99053506e+01 
 2.45470892e+04 -7.32746919e+01  2.45470892e+04 -8.99078309e+01 
 2.51188643e+04 -7.30746925e+01  2.51188643e+04 -8.99102624e+01 
 2.57039578e+04 -7.28746930e+01  2.57039578e+04 -8.99126465e+01 
 2.63026799e+04 -7.26746936e+01  2.63026799e+04 -8.99149841e+01 
 2.69153480e+04 -7.24746941e+01  2.69153480e+04 -8.99172764e+01 
 2.75422870e+04 -7.22746946e+01  2.75422870e+04 -8.99195252e+01 
 2.81838293e+04 -7.20746951e+01  2.81838293e+04 -8.99217311e+01 
 2.88403150e+04 -7.18746955e+01  2.88403150e+04 -8.99238959e+01 
 2.95120923e+04 -7.16746959e+01  2.95120923e+04 -8.99260201e+01 
 3.01995172e+04 -7.14746963e+01  3.01995172e+04 -8.99281050e+01 
 3.09029543e+04 -7.12746967e+01  3.09029543e+04 -8.99301517e+01 
 3.16227766e+04 -7.10746971e+01  3.16227766e+04 -8.99321615e+01 
 3.23593657e+04 -7.08746975e+01  3.23593657e+04 -8.99341354e+01 
 3.31131121e+04 -7.06746978e+01  3.31131121e+04 -8.99360743e+01 
 3.38844156e+04 -7.04746981e+01  3.38844156e+04 -8.99379792e+01 
 3.46736850e+04 -7.02746985e+01  3.46736850e+04 -8.99399912e+01 
 3.54813389e+04 -7.00746988e+01  3.54813389e+04 -8.99418283e+01 
 3.63078055e+04 -6.98746991e+01  3.63078055e+04 -8.99436345e+01 
 3.71535229e+04 -6.96746993e+01  3.71535229e+04 -8.99454108e+01 
 3.80189396e+04 -6.94746996e+01  3.80189396e+04 -8.99471583e+01 
 3.89045145e+04 -6.92746998e+01  3.89045145e+04 -8.99488777e+01 
 3.98107171e+04 -6.90747001e+01  3.98107171e+04 -8.99505700e+01 
 4.07380278e+04 -6.88747003e+01  4.07380278e+04 -8.99522359e+01 
 4.16869383e+04 -6.86747005e+01  4.16869383e+04 -8.99538766e+01 
 4.26579519e+04 -6.84747007e+01  4.26579519e+04 -8.99554930e+01 
 4.36515832e+04 -6.82747009e+01  4.36515832e+04 -8.99570855e+01 
 4.46683592e+04 -6.80747011e+01  4.46683592e+04 -8.99586554e+01 
 4.57088190e+04 -6.78747013e+01  4.57088190e+04 -8.99602034e+01 
 4.67735141e+04 -6.76747015e+01  4.67735141e+04 -8.99617304e+01 
 4.78630092e+04 -6.74747016e+01  4.78630092e+04 -8.99632371e+01 
 4.89778819e+04 -6.72747018e+01  4.89778819e+04 -8.99647243e+01 
 5.01187234e+04 -6.70747020e+01  5.01187234e+04 -8.99661926e+01 
 5.12861384e+04 -6.68747021e+01  5.12861384e+04 -8.99676431e+01 
 5.24807460e+04 -6.66747022e+01  5.24807460e+04 -8.99690765e+01 
 5.37031796e+04 -6.64747024e+01  5.37031796e+04 -8.99704933e+01 
 5.49540874e+04 -6.62747025e+01  5.49540874e+04 -8.99718945e+01 
 5.62341325e+04 -6.60747026e+01  5.62341325e+04 -8.99732810e+01 
 5.75439937e+04 -6.58747028e+01  5.75439937e+04 -8.99746531e+01 
 5.88843655e+04 -6.56747029e+01  5.88843655e+04 -8.99760942e+01 
 6.02559586e+04 -6.54747030e+01  6.02559586e+04 -8.99774383e+01 
 6.16595002e+04 -6.52747031e+01  6.16595002e+04 -8.99787706e+01 
 6.30957344e+04 -6.50747032e+01  6.30957344e+04 -8.99800915e+01 
 6.45654229e+04 -6.48747033e+01  6.45654229e+04 -8.99814020e+01 
 6.60693448e+04 -6.46747034e+01  6.60693448e+04 -8.99827026e+01 
 6.76082975e+04 -6.44747035e+01  6.76082975e+04 -8.99839939e+01 
 6.91830971e+04 -6.42747036e+01  6.91830971e+04 -8.99852768e+01 
 7.07945784e+04 -6.40747037e+01  7.07945784e+04 -8.99865519e+01 
 7.24435960e+04 -6.38747037e+01  7.24435960e+04 -8.99878198e+01 
 7.41310241e+04 -6.36747038e+01  7.41310241e+04 -8.99890814e+01 
 7.58577575e+04 -6.34747039e+01  7.58577575e+04 -8.99904010e+01 
 7.76247117e+04 -6.32747040e+01  7.76247117e+04 -8.99916502e+01 
 7.94328235e+04 -6.30747041e+01  7.94328235e+04 -8.99928948e+01 
 8.12830516e+04 -6.28747041e+01  8.12830516e+04 -8.99941358e+01 
 8.31763771e+04 -6.26747042e+01  8.31763771e+04 -8.99953736e+01 
 8.51138038e+04 -6.24747043e+01  8.51138038e+04 -8.99966090e+01 
 8.70963590e+04 -6.22747043e+01  8.70963590e+04 -8.99978426e+01 
 8.91250938e+04 -6.20747044e+01  8.91250938e+04 -8.99991295e+01 
 9.12010839e+04 -6.18747045e+01  9.12010839e+04 -9.00003601e+01 
 9.33254301e+04 -6.16747045e+01  9.33254301e+04 -9.00015910e+01 
 9.54992586e+04 -6.14747046e+01  9.54992586e+04 -9.00028228e+01 
 9.77237221e+04 -6.12747047e+01  9.77237221e+04 -9.00040560e+01 
 1.00000000e+05 -6.10747047e+01  1.00000000e+05 -9.00052915e+01 
 1.02329299e+05 -6.08747048e+01  1.02329299e+05 -9.00065770e+01 
 1.04712855e+05 -6.06747049e+01  1.04712855e+05 -9.00078175e+01 
 1.07151931e+05 -6.04747049e+01  1.07151931e+05 -9.00090623e+01 
 1.09647820e+05 -6.02747050e+01  1.09647820e+05 -9.00103118e+01 
 1.12201845e+05 -6.00747050e+01  1.12201845e+05 -9.00116100e+01 
 1.14815362e+05 -5.98747051e+01  1.14815362e+05 -9.00128702e+01 
 1.17489755e+05 -5.96747052e+01  1.17489755e+05 -9.00141372e+01 
 1.20226443e+05 -5.94747052e+01  1.20226443e+05 -9.00154116e+01 
 1.23026877e+05 -5.92747053e+01  1.23026877e+05 -9.00167337e+01 
 1.25892541e+05 -5.90747054e+01  1.25892541e+05 -9.00180242e+01 
 1.28824955e+05 -5.88747054e+01  1.28824955e+05 -9.00193243e+01 
 1.31825674e+05 -5.86747055e+01  1.31825674e+05 -9.00206715e+01 
 1.34896288e+05 -5.84747055e+01  1.34896288e+05 -9.00219920e+01 
 1.38038426e+05 -5.82747056e+01  1.38038426e+05 -9.00233593e+01 
 1.41253754e+05 -5.80747057e+01  1.41253754e+05 -9.00247030e+01 
 1.44543977e+05 -5.78747058e+01  1.44543977e+05 -9.00260598e+01 
 1.47910839e+05 -5.76747058e+01  1.47910839e+05 -9.00274633e+01 
 1.51356125e+05 -5.74747059e+01  1.51356125e+05 -9.00288477e+01 
 1.54881662e+05 -5.72747060e+01  1.54881662e+05 -9.00302787e+01 
 1.58489319e+05 -5.70747061e+01  1.58489319e+05 -9.00316938e+01 
 1.62181010e+05 -5.68747061e+01  1.62181010e+05 -9.00331555e+01 
 1.65958691e+05 -5.66747062e+01  1.65958691e+05 -9.00346043e+01 
 1.69824365e+05 -5.64747063e+01  1.69824365e+05 -9.00361000e+01 
 1.73780083e+05 -5.62747064e+01  1.73780083e+05 -9.00376134e+01 
 1.77827941e+05 -5.60747065e+01  1.77827941e+05 -9.00391183e+01 
 1.81970086e+05 -5.58747066e+01  1.81970086e+05 -9.00406705e+01 
 1.86208714e+05 -5.56747067e+01  1.86208714e+05 -9.00422431e+01 
 1.90546072e+05 -5.54747068e+01  1.90546072e+05 -9.00438114e+01 
 1.94984460e+05 -5.52747069e+01  1.94984460e+05 -9.00454279e+01 
 1.99526231e+05 -5.50747070e+01  1.99526231e+05 -9.00470673e+01 
 2.04173794e+05 -5.48747071e+01  2.04173794e+05 -9.00487305e+01 
 2.08929613e+05 -5.46747072e+01  2.08929613e+05 -9.00504184e+01 
 2.13796209e+05 -5.44747074e+01  2.13796209e+05 -9.00521320e+01 
 2.18776162e+05 -5.42747075e+01  2.18776162e+05 -9.00538722e+01 
 2.23872114e+05 -5.40747076e+01  2.23872114e+05 -9.00556400e+01 
 2.29086765e+05 -5.38747078e+01  2.29086765e+05 -9.00574363e+01 
 2.34422882e+05 -5.36747079e+01  2.34422882e+05 -9.00592620e+01 
 2.39883292e+05 -5.34747081e+01  2.39883292e+05 -9.00611182e+01 
 2.45470892e+05 -5.32747082e+01  2.45470892e+05 -9.00630059e+01 
 2.51188643e+05 -5.30747084e+01  2.51188643e+05 -9.00649261e+01 
 2.57039578e+05 -5.28747086e+01  2.57039578e+05 -9.00668986e+01 
 2.63026799e+05 -5.26747088e+01  2.63026799e+05 -9.00688865e+01 
 2.69153480e+05 -5.24747090e+01  2.69153480e+05 -9.00709281e+01 
 2.75422870e+05 -5.22747091e+01  2.75422870e+05 -9.00729880e+01 
 2.81838293e+05 -5.20747094e+01  2.81838293e+05 -9.00751030e+01 
 2.88403150e+05 -5.18747096e+01  2.88403150e+05 -9.00772395e+01 
 2.95120923e+05 -5.16747098e+01  2.95120923e+05 -9.00794325e+01 
 3.01995172e+05 -5.14747100e+01  3.01995172e+05 -9.00816661e+01 
 3.09029543e+05 -5.12747103e+01  3.09029543e+05 -9.00839415e+01 
 3.16227766e+05 -5.10747105e+01  3.16227766e+05 -9.00862601e+01 
 3.23593657e+05 -5.08747108e+01  3.23593657e+05 -9.00886229e+01 
 3.31131121e+05 -5.06747111e+01  3.31131121e+05 -9.00910314e+01 
 3.38844156e+05 -5.04747114e+01  3.38844156e+05 -9.00935011e+01 
 3.46736850e+05 -5.02747117e+01  3.46736850e+05 -9.00960043e+01 
 3.54813389e+05 -5.00747120e+01  3.54813389e+05 -9.00985722e+01 
 3.63078055e+05 -4.98747124e+01  3.63078055e+05 -9.01011757e+01 
 3.71535229e+05 -4.96747127e+01  3.71535229e+05 -9.01038460e+01 
 3.80189396e+05 -4.94747131e+01  3.80189396e+05 -9.01065682e+01 
 3.89045145e+05 -4.92747135e+01  3.89045145e+05 -9.01093452e+01 
 3.98107171e+05 -4.90747139e+01  3.98107171e+05 -9.01121785e+01 
 4.07380278e+05 -4.88747143e+01  4.07380278e+05 -9.01150815e+01 
 4.16869383e+05 -4.86747148e+01  4.16869383e+05 -9.01180316e+01 
 4.26579519e+05 -4.84747152e+01  4.26579519e+05 -9.01210541e+01 
 4.36515832e+05 -4.82747157e+01  4.36515832e+05 -9.01241387e+01 
 4.46683592e+05 -4.80747162e+01  4.46683592e+05 -9.01272870e+01 
 4.57088190e+05 -4.78747168e+01  4.57088190e+05 -9.01305009e+01 
 4.67735141e+05 -4.76747173e+01  4.67735141e+05 -9.01337923e+01 
 4.78630092e+05 -4.74747179e+01  4.78630092e+05 -9.01371422e+01 
 4.89778819e+05 -4.72747185e+01  4.89778819e+05 -9.01405728e+01 
 5.01187234e+05 -4.70747192e+01  5.01187234e+05 -9.01440739e+01 
 5.12861384e+05 -4.68747198e+01  5.12861384e+05 -9.01476604e+01 
 5.24807460e+05 -4.66747205e+01  5.24807460e+05 -9.01513134e+01 
 5.37031796e+05 -4.64747213e+01  5.37031796e+05 -9.01550634e+01 
 5.49540874e+05 -4.62747221e+01  5.49540874e+05 -9.01588830e+01 
 5.62341325e+05 -4.60747229e+01  5.62341325e+05 -9.01627930e+01 
 5.75439937e+05 -4.58747237e+01  5.75439937e+05 -9.01667781e+01 
 5.88843655e+05 -4.56747246e+01  5.88843655e+05 -9.01708576e+01 
 6.02559586e+05 -4.54747255e+01  6.02559586e+05 -9.01750330e+01 
 6.16595002e+05 -4.52747265e+01  6.16595002e+05 -9.01792904e+01 
 6.30957344e+05 -4.50747275e+01  6.30957344e+05 -9.01836702e+01 
 6.45654229e+05 -4.48747286e+01  6.45654229e+05 -9.01881218e+01 
 6.60693448e+05 -4.46747297e+01  6.60693448e+05 -9.01926778e+01 
 6.76082975e+05 -4.44747309e+01  6.76082975e+05 -9.01973329e+01 
 6.91830971e+05 -4.42747321e+01  6.91830971e+05 -9.02020966e+01 
 7.07945784e+05 -4.40747334e+01  7.07945784e+05 -9.02069643e+01 
 7.24435960e+05 -4.38747347e+01  7.24435960e+05 -9.02119453e+01 
 7.41310241e+05 -4.36747361e+01  7.41310241e+05 -9.02170352e+01 
 7.58577575e+05 -4.34747376e+01  7.58577575e+05 -9.02222433e+01 
 7.76247117e+05 -4.32747391e+01  7.76247117e+05 -9.02275657e+01 
 7.94328235e+05 -4.30747407e+01  7.94328235e+05 -9.02330125e+01 
 8.12830516e+05 -4.28747424e+01  8.12830516e+05 -9.02385781e+01 
 8.31763771e+05 -4.26747442e+01  8.31763771e+05 -9.02442724e+01 
 8.51138038e+05 -4.24747460e+01  8.51138038e+05 -9.02500982e+01 
 8.70963590e+05 -4.22747480e+01  8.70963590e+05 -9.02560516e+01 
 8.91250938e+05 -4.20747500e+01  8.91250938e+05 -9.02621489e+01 
 9.12010839e+05 -4.18747521e+01  9.12010839e+05 -9.02683755e+01 
 9.33254301e+05 -4.16747543e+01  9.33254301e+05 -9.02747499e+01 
 9.54992586e+05 -4.14747567e+01  9.54992586e+05 -9.02812719e+01 
 9.77237221e+05 -4.12747591e+01  9.77237221e+05 -9.02879434e+01 
 1.00000000e+06 -4.10747617e+01  1.00000000e+06 -9.02947631e+01 
 1.02329299e+06 -4.08747643e+01  1.02329299e+06 -9.03017440e+01 
 1.04712855e+06 -4.06747671e+01  1.04712855e+06 -9.03088756e+01 
 1.07151931e+06 -4.04747701e+01  1.07151931e+06 -9.03161839e+01 
 1.09647820e+06 -4.02747732e+01  1.09647820e+06 -9.03236552e+01 
 1.12201845e+06 -4.00747764e+01  1.12201845e+06 -9.03312923e+01 
 1.14815362e+06 -3.98747797e+01  1.14815362e+06 -9.03391093e+01 
 1.17489755e+06 -3.96747833e+01  1.17489755e+06 -9.03471050e+01 
 1.20226443e+06 -3.94747869e+01  1.20226443e+06 -9.03552834e+01 
 1.23026877e+06 -3.92747908e+01  1.23026877e+06 -9.03636527e+01 
 1.25892541e+06 -3.90747949e+01  1.25892541e+06 -9.03722130e+01 
 1.28824955e+06 -3.88747991e+01  1.28824955e+06 -9.03809808e+01 
 1.31825674e+06 -3.86748035e+01  1.31825674e+06 -9.03899384e+01 
 1.34896288e+06 -3.84748082e+01  1.34896288e+06 -9.03991092e+01 
 1.38038426e+06 -3.82748131e+01  1.38038426e+06 -9.04084951e+01 
 1.41253754e+06 -3.80748181e+01  1.41253754e+06 -9.04180882e+01 
 1.44543977e+06 -3.78748235e+01  1.44543977e+06 -9.04279077e+01 
 1.47910839e+06 -3.76748291e+01  1.47910839e+06 -9.04379529e+01 
 1.51356125e+06 -3.74748349e+01  1.51356125e+06 -9.04482294e+01 
 1.54881662e+06 -3.72748410e+01  1.54881662e+06 -9.04587435e+01 
 1.58489319e+06 -3.70748475e+01  1.58489319e+06 -9.04694999e+01 
 1.62181010e+06 -3.68748542e+01  1.62181010e+06 -9.04805039e+01 
 1.65958691e+06 -3.66748612e+01  1.65958691e+06 -9.04917695e+01 
 1.69824365e+06 -3.64748686e+01  1.69824365e+06 -9.05032915e+01 
 1.73780083e+06 -3.62748763e+01  1.73780083e+06 -9.05150803e+01 
 1.77827941e+06 -3.60748843e+01  1.77827941e+06 -9.05271414e+01 
 1.81970086e+06 -3.58748928e+01  1.81970086e+06 -9.05394772e+01 
 1.86208714e+06 -3.56749017e+01  1.86208714e+06 -9.05521093e+01 
 1.90546072e+06 -3.54749109e+01  1.90546072e+06 -9.05650317e+01 
 1.94984460e+06 -3.52749206e+01  1.94984460e+06 -9.05782495e+01 
 1.99526231e+06 -3.50749308e+01  1.99526231e+06 -9.05917771e+01 
 2.04173794e+06 -3.48749414e+01  2.04173794e+06 -9.06056140e+01 
 2.08929613e+06 -3.46749526e+01  2.08929613e+06 -9.06197803e+01 
 2.13796209e+06 -3.44749643e+01  2.13796209e+06 -9.06342696e+01 
 2.18776162e+06 -3.42749765e+01  2.18776162e+06 -9.06490930e+01 
 2.23872114e+06 -3.40749893e+01  2.23872114e+06 -9.06642698e+01 
 2.29086765e+06 -3.38750027e+01  2.29086765e+06 -9.06797890e+01 
 2.34422882e+06 -3.36750167e+01  2.34422882e+06 -9.06956641e+01 
 2.39883292e+06 -3.34750314e+01  2.39883292e+06 -9.07119203e+01 
 2.45470892e+06 -3.32750468e+01  2.45470892e+06 -9.07285486e+01 
 2.51188643e+06 -3.30750629e+01  2.51188643e+06 -9.07455632e+01 
 2.57039578e+06 -3.28750798e+01  2.57039578e+06 -9.07629772e+01 
 2.63026799e+06 -3.26750974e+01  2.63026799e+06 -9.07807923e+01 
 2.69153480e+06 -3.24751159e+01  2.69153480e+06 -9.07990219e+01 
 2.75422870e+06 -3.22751353e+01  2.75422870e+06 -9.08176722e+01 
 2.81838293e+06 -3.20751556e+01  2.81838293e+06 -9.08367568e+01 
 2.88403150e+06 -3.18751768e+01  2.88403150e+06 -9.08562891e+01 
 2.95120923e+06 -3.16751991e+01  2.95120923e+06 -9.08762719e+01 
 3.01995172e+06 -3.14752223e+01  3.01995172e+06 -9.08967221e+01 
 3.09029543e+06 -3.12752467e+01  3.09029543e+06 -9.09176474e+01 
 3.16227766e+06 -3.10752723e+01  3.16227766e+06 -9.09390577e+01 
 3.23593657e+06 -3.08752990e+01  3.23593657e+06 -9.09609671e+01 
 3.31131121e+06 -3.06753270e+01  3.31131121e+06 -9.09833820e+01 
 3.38844156e+06 -3.04753563e+01  3.38844156e+06 -9.10063225e+01 
 3.46736850e+06 -3.02753870e+01  3.46736850e+06 -9.10297952e+01 
 3.54813389e+06 -3.00754192e+01  3.54813389e+06 -9.10538115e+01 
 3.63078055e+06 -2.98754528e+01  3.63078055e+06 -9.10783880e+01 
 3.71535229e+06 -2.96754881e+01  3.71535229e+06 -9.11035358e+01 
 3.80189396e+06 -2.94755250e+01  3.80189396e+06 -9.11292714e+01 
 3.89045145e+06 -2.92755636e+01  3.89045145e+06 -9.11556015e+01 
 3.98107171e+06 -2.90756041e+01  3.98107171e+06 -9.11825469e+01 
 4.07380278e+06 -2.88756464e+01  4.07380278e+06 -9.12101189e+01 
 4.16869383e+06 -2.86756908e+01  4.16869383e+06 -9.12383300e+01 
 4.26579519e+06 -2.84757373e+01  4.26579519e+06 -9.12672011e+01 
 4.36515832e+06 -2.82757859e+01  4.36515832e+06 -9.12967388e+01 
 4.46683592e+06 -2.80758369e+01  4.46683592e+06 -9.13269665e+01 
 4.57088190e+06 -2.78758902e+01  4.57088190e+06 -9.13578996e+01 
 4.67735141e+06 -2.76759460e+01  4.67735141e+06 -9.13895497e+01 
 4.78630092e+06 -2.74760045e+01  4.78630092e+06 -9.14219366e+01 
 4.89778819e+06 -2.72760658e+01  4.89778819e+06 -9.14550797e+01 
 5.01187234e+06 -2.70761299e+01  5.01187234e+06 -9.14889920e+01 
 5.12861384e+06 -2.68761971e+01  5.12861384e+06 -9.15236948e+01 
 5.24807460e+06 -2.66762674e+01  5.24807460e+06 -9.15592032e+01 
 5.37031796e+06 -2.64763410e+01  5.37031796e+06 -9.15955379e+01 
 5.49540874e+06 -2.62764181e+01  5.49540874e+06 -9.16327185e+01 
 5.62341325e+06 -2.60764988e+01  5.62341325e+06 -9.16707664e+01 
 5.75439937e+06 -2.58765834e+01  5.75439937e+06 -9.17096961e+01 
 5.88843655e+06 -2.56766719e+01  5.88843655e+06 -9.17495353e+01 
 6.02559586e+06 -2.54767646e+01  6.02559586e+06 -9.17902984e+01 
 6.16595002e+06 -2.52768616e+01  6.16595002e+06 -9.18320108e+01 
 6.30957344e+06 -2.50769632e+01  6.30957344e+06 -9.18746945e+01 
 6.45654229e+06 -2.48770696e+01  6.45654229e+06 -9.19183738e+01 
 6.60693448e+06 -2.46771811e+01  6.60693448e+06 -9.19630671e+01 
 6.76082975e+06 -2.44772978e+01  6.76082975e+06 -9.20088003e+01 
 6.91830971e+06 -2.42774199e+01  6.91830971e+06 -9.20555984e+01 
 7.07945784e+06 -2.40775479e+01  7.07945784e+06 -9.21034850e+01 
 7.24435960e+06 -2.38776818e+01  7.24435960e+06 -9.21524843e+01 
 7.41310241e+06 -2.36778221e+01  7.41310241e+06 -9.22026263e+01 
 7.58577575e+06 -2.34779690e+01  7.58577575e+06 -9.22539360e+01 
 7.76247117e+06 -2.32781228e+01  7.76247117e+06 -9.23064368e+01 
 7.94328235e+06 -2.30782838e+01  7.94328235e+06 -9.23601606e+01 
 8.12830516e+06 -2.28784524e+01  8.12830516e+06 -9.24151341e+01 
 8.31763771e+06 -2.26786290e+01  8.31763771e+06 -9.24713866e+01 
 8.51138038e+06 -2.24788139e+01  8.51138038e+06 -9.25289485e+01 
 8.70963590e+06 -2.22790075e+01  8.70963590e+06 -9.25878494e+01 
 8.91250938e+06 -2.20792102e+01  8.91250938e+06 -9.26481185e+01 
 9.12010839e+06 -2.18794225e+01  9.12010839e+06 -9.27097913e+01 
 9.33254301e+06 -2.16796447e+01  9.33254301e+06 -9.27728996e+01 
 9.54992586e+06 -2.14798774e+01  9.54992586e+06 -9.28374747e+01 
 9.77237221e+06 -2.12801211e+01  9.77237221e+06 -9.29035517e+01 
 1.00000000e+07 -2.10803763e+01  1.00000000e+07 -9.29711662e+01 
 1.02329299e+07 -2.08806435e+01  1.02329299e+07 -9.30403547e+01 
 1.04712855e+07 -2.06809233e+01  1.04712855e+07 -9.31111501e+01 
 1.07151931e+07 -2.04812162e+01  1.07151931e+07 -9.31835926e+01 
 1.09647820e+07 -2.02815229e+01  1.09647820e+07 -9.32577197e+01 
 1.12201845e+07 -2.00818441e+01  1.12201845e+07 -9.33335697e+01 
 1.14815362e+07 -1.98821804e+01  1.14815362e+07 -9.34111844e+01 
 1.17489755e+07 -1.96825326e+01  1.17489755e+07 -9.34906028e+01 
 1.20226443e+07 -1.94829013e+01  1.20226443e+07 -9.35718673e+01 
 1.23026877e+07 -1.92832874e+01  1.23026877e+07 -9.36550219e+01 
 1.25892541e+07 -1.90836916e+01  1.25892541e+07 -9.37401082e+01 
 1.28824955e+07 -1.88841149e+01  1.28824955e+07 -9.38271727e+01 
 1.31825674e+07 -1.86845581e+01  1.31825674e+07 -9.39162600e+01 
 1.34896288e+07 -1.84850222e+01  1.34896288e+07 -9.40074177e+01 
 1.38038426e+07 -1.82855081e+01  1.38038426e+07 -9.41006923e+01 
 1.41253754e+07 -1.80860168e+01  1.41253754e+07 -9.41961360e+01 
 1.44543977e+07 -1.78865496e+01  1.44543977e+07 -9.42937946e+01 
 1.47910839e+07 -1.76871074e+01  1.47910839e+07 -9.43937229e+01 
 1.51356125e+07 -1.74876914e+01  1.51356125e+07 -9.44959713e+01 
 1.54881662e+07 -1.72883029e+01  1.54881662e+07 -9.46005939e+01 
 1.58489319e+07 -1.70889432e+01  1.58489319e+07 -9.47076451e+01 
 1.62181010e+07 -1.68896136e+01  1.62181010e+07 -9.48171818e+01 
 1.65958691e+07 -1.66903155e+01  1.65958691e+07 -9.49292611e+01 
 1.69824365e+07 -1.64910505e+01  1.69824365e+07 -9.50439409e+01 
 1.73780083e+07 -1.62918200e+01  1.73780083e+07 -9.51612806e+01 
 1.77827941e+07 -1.60926257e+01  1.77827941e+07 -9.52813428e+01 
 1.81970086e+07 -1.58934693e+01  1.81970086e+07 -9.54041901e+01 
 1.86208714e+07 -1.56943526e+01  1.86208714e+07 -9.55298857e+01 
 1.90546072e+07 -1.54952774e+01  1.90546072e+07 -9.56584957e+01 
 1.94984460e+07 -1.52962456e+01  1.94984460e+07 -9.57900863e+01 
 1.99526231e+07 -1.50972594e+01  1.99526231e+07 -9.59247273e+01 
 2.04173794e+07 -1.48983208e+01  2.04173794e+07 -9.60624871e+01 
 2.08929613e+07 -1.46994321e+01  2.08929613e+07 -9.62034375e+01 
 2.13796209e+07 -1.45005956e+01  2.13796209e+07 -9.63476519e+01 
 2.18776162e+07 -1.43018137e+01  2.18776162e+07 -9.64952055e+01 
 2.23872114e+07 -1.41030890e+01  2.23872114e+07 -9.66461729e+01 
 2.29086765e+07 -1.39044243e+01  2.29086765e+07 -9.68006339e+01 
 2.34422882e+07 -1.37058222e+01  2.34422882e+07 -9.69586669e+01 
 2.39883292e+07 -1.35072858e+01  2.39883292e+07 -9.71203544e+01 
 2.45470892e+07 -1.33088180e+01  2.45470892e+07 -9.72857787e+01 
 2.51188643e+07 -1.31104221e+01  2.51188643e+07 -9.74550255e+01 
 2.57039578e+07 -1.29121015e+01  2.57039578e+07 -9.76281811e+01 
 2.63026799e+07 -1.27138597e+01  2.63026799e+07 -9.78053340e+01 
 2.69153480e+07 -1.25157003e+01  2.69153480e+07 -9.79865754e+01 
 2.75422870e+07 -1.23176273e+01  2.75422870e+07 -9.81719974e+01 
 2.81838293e+07 -1.21196445e+01  2.81838293e+07 -9.83616950e+01 
 2.88403150e+07 -1.19217563e+01  2.88403150e+07 -9.85557645e+01 
 2.95120923e+07 -1.17239670e+01  2.95120923e+07 -9.87543038e+01 
 3.01995172e+07 -1.15262812e+01  3.01995172e+07 -9.89574145e+01 
 3.09029543e+07 -1.13287038e+01  3.09029543e+07 -9.91651985e+01 
 3.16227766e+07 -1.11312398e+01  3.16227766e+07 -9.93777608e+01 
 3.23593657e+07 -1.09338944e+01  3.23593657e+07 -9.95952086e+01 
 3.31131121e+07 -1.07366732e+01  3.31131121e+07 -9.98176507e+01 
 3.38844156e+07 -1.05395820e+01  3.38844156e+07 -1.00045198e+02 
 3.46736850e+07 -1.03426267e+01  3.46736850e+07 -1.00277966e+02 
 3.54813389e+07 -1.01458137e+01  3.54813389e+07 -1.00516068e+02 
 3.63078055e+07 -9.94914949e+00  3.63078055e+07 -1.00759624e+02 
 3.71535229e+07 -9.75264105e+00  3.71535229e+07 -1.01008754e+02 
 3.80189396e+07 -9.55629554e+00  3.80189396e+07 -1.01263580e+02 
 3.89045145e+07 -9.36012049e+00  3.89045145e+07 -1.01524228e+02 
 3.98107171e+07 -9.16412376e+00  3.98107171e+07 -1.01790826e+02 
 4.07380278e+07 -8.96831358e+00  4.07380278e+07 -1.02063504e+02 
 4.16869383e+07 -8.77269851e+00  4.16869383e+07 -1.02342393e+02 
 4.26579519e+07 -8.57728756e+00  4.26579519e+07 -1.02627629e+02 
 4.36515832e+07 -8.38209008e+00  4.36515832e+07 -1.02919349e+02 
 4.46683592e+07 -8.18711587e+00  4.46683592e+07 -1.03217693e+02 
 4.57088190e+07 -7.99237518e+00  4.57088190e+07 -1.03522804e+02 
 4.67735141e+07 -7.79787867e+00  4.67735141e+07 -1.03834826e+02 
 4.78630092e+07 -7.60363751e+00  4.78630092e+07 -1.04153907e+02 
 4.89778819e+07 -7.40966337e+00  4.89778819e+07 -1.04480195e+02 
 5.01187234e+07 -7.21596839e+00  5.01187234e+07 -1.04813844e+02 
 5.12861384e+07 -7.02256529e+00  5.12861384e+07 -1.05155008e+02 
 5.24807460e+07 -6.82946731e+00  5.24807460e+07 -1.05503844e+02 
 5.37031796e+07 -6.63668831e+00  5.37031796e+07 -1.05860512e+02 
 5.49540874e+07 -6.44424270e+00  5.49540874e+07 -1.06225174e+02 
 5.62341325e+07 -6.25214555e+00  5.62341325e+07 -1.06597995e+02 
 5.75439937e+07 -6.06041259e+00  5.75439937e+07 -1.06979140e+02 
 5.88843655e+07 -5.86906017e+00  5.88843655e+07 -1.07368780e+02 
 6.02559586e+07 -5.67810539e+00  6.02559586e+07 -1.07767085e+02 
 6.16595002e+07 -5.48756607e+00  6.16595002e+07 -1.08174229e+02 
 6.30957344e+07 -5.29746075e+00  6.30957344e+07 -1.08590388e+02 
 6.45654229e+07 -5.10780879e+00  6.45654229e+07 -1.09015738e+02 
 6.60693448e+07 -4.91863034e+00  6.60693448e+07 -1.09450461e+02 
 6.76082975e+07 -4.72994640e+00  6.76082975e+07 -1.09894738e+02 
 6.91830971e+07 -4.54177881e+00  6.91830971e+07 -1.10348751e+02 
 7.07945784e+07 -4.35415036e+00  7.07945784e+07 -1.10812687e+02 
 7.24435960e+07 -4.16708471e+00  7.24435960e+07 -1.11286731e+02 
 7.41310241e+07 -3.98060651e+00  7.41310241e+07 -1.11771071e+02 
 7.58577575e+07 -3.79474140e+00  7.58577575e+07 -1.12265897e+02 
 7.76247117e+07 -3.60951604e+00  7.76247117e+07 -1.12771400e+02 
 7.94328235e+07 -3.42495815e+00  7.94328235e+07 -1.13287770e+02 
 8.12830516e+07 -3.24109653e+00  8.12830516e+07 -1.13815200e+02 
 8.31763771e+07 -3.05796110e+00  8.31763771e+07 -1.14353882e+02 
 8.51138038e+07 -2.87558292e+00  8.51138038e+07 -1.14904009e+02 
 8.70963590e+07 -2.69399427e+00  8.70963590e+07 -1.15465774e+02 
 8.91250938e+07 -2.51322861e+00  8.91250938e+07 -1.16039371e+02 
 9.12010839e+07 -2.33332064e+00  9.12010839e+07 -1.16624991e+02 
 9.33254301e+07 -2.15430639e+00  9.33254301e+07 -1.17222827e+02 
 9.54992586e+07 -1.97622314e+00  9.54992586e+07 -1.17833069e+02 
 9.77237221e+07 -1.79910954e+00  9.77237221e+07 -1.18455906e+02 
 1.00000000e+08 -1.62300559e+00  1.00000000e+08 -1.19091525e+02 
 1.02329299e+08 -1.44795271e+00  1.02329299e+08 -1.19740114e+02 
 1.04712855e+08 -1.27399371e+00  1.04712855e+08 -1.20401854e+02 
 1.07151931e+08 -1.10117285e+00  1.07151931e+08 -1.21076926e+02 
 1.09647820e+08 -9.29535856e-01  1.09647820e+08 -1.21765507e+02 
 1.12201845e+08 -7.59129946e-01  1.12201845e+08 -1.22467770e+02 
 1.14815362e+08 -5.90003842e-01  1.14815362e+08 -1.23183884e+02 
 1.17489755e+08 -4.22207767e-01  1.17489755e+08 -1.23914013e+02 
 1.20226443e+08 -2.55793486e-01  1.20226443e+08 -1.24658316e+02 
 1.23026877e+08 -9.08142949e-02  1.23026877e+08 -1.25416946e+02 
 1.25892541e+08  7.26749576e-02  1.25892541e+08 -1.26190051e+02 
 1.28824955e+08  2.34617884e-01  1.28824955e+08 -1.26977769e+02 
 1.31825674e+08  3.94956570e-01  1.31825674e+08 -1.27780233e+02 
 1.34896288e+08  5.53631548e-01  1.34896288e+08 -1.28597568e+02 
 1.38038426e+08  7.10581849e-01  1.38038426e+08 -1.29429888e+02 
 1.41253754e+08  8.65745003e-01  1.41253754e+08 -1.30277301e+02 
 1.44543977e+08  1.01905706e+00  1.44543977e+08 -1.31139900e+02 
 1.47910839e+08  1.17045261e+00  1.47910839e+08 -1.32017772e+02 
 1.51356125e+08  1.31986487e+00  1.51356125e+08 -1.32910990e+02 
 1.54881662e+08  1.46722567e+00  1.54881662e+08 -1.33819614e+02 
 1.58489319e+08  1.61246551e+00  1.58489319e+08 -1.34743694e+02 
 1.62181010e+08  1.75551367e+00  1.62181010e+08 -1.35683264e+02 
 1.65958691e+08  1.89629822e+00  1.65958691e+08 -1.36638344e+02 
 1.69824365e+08  2.03474611e+00  1.69824365e+08 -1.37608940e+02 
 1.73780083e+08  2.17078327e+00  1.73780083e+08 -1.38595042e+02 
 1.77827941e+08  2.30433467e+00  1.77827941e+08 -1.39596621e+02 
 1.81970086e+08  2.43532443e+00  1.81970086e+08 -1.40613635e+02 
 1.86208714e+08  2.56367597e+00  1.86208714e+08 -1.41646021e+02 
 1.90546072e+08  2.68931202e+00  1.90546072e+08 -1.42693699e+02 
 1.94984460e+08  2.81215487e+00  1.94984460e+08 -1.43756571e+02 
 1.99526231e+08  2.93212642e+00  1.99526231e+08 -1.44834517e+02 
 2.04173794e+08  3.04914835e+00  2.04173794e+08 -1.45927399e+02 
 2.08929613e+08  3.16314226e+00  2.08929613e+08 -1.47035056e+02 
 2.13796209e+08  3.27402983e+00  2.13796209e+08 -1.48157310e+02 
 2.18776162e+08  3.38173301e+00  2.18776162e+08 -1.49293958e+02 
 2.23872114e+08  3.48617413e+00  2.23872114e+08 -1.50444776e+02 
 2.29086765e+08  3.58727616e+00  2.29086765e+08 -1.51609520e+02 
 2.34422882e+08  3.68496284e+00  2.34422882e+08 -1.52787921e+02 
 2.39883292e+08  3.77915885e+00  2.39883292e+08 -1.53979691e+02 
 2.45470892e+08  3.86979009e+00  2.45470892e+08 -1.55184516e+02 
 2.51188643e+08  3.95678380e+00  2.51188643e+08 -1.56402063e+02 
 2.57039578e+08  4.04006878e+00  2.57039578e+08 -1.57631977e+02 
 2.63026799e+08  4.11957561e+00  2.63026799e+08 -1.58873877e+02 
 2.69153480e+08  4.19523685e+00  2.69153480e+08 -1.60127366e+02 
 2.75422870e+08  4.26698721e+00  2.75422870e+08 -1.61392022e+02 
 2.81838293e+08  4.33476382e+00  2.81838293e+08 -1.62667404e+02 
 2.88403150e+08  4.39850635e+00  2.88403150e+08 -1.63953052e+02 
 2.95120923e+08  4.45815726e+00  2.95120923e+08 -1.65248484e+02 
 3.01995172e+08  4.51366198e+00  3.01995172e+08 -1.66553202e+02 
 3.09029543e+08  4.56496907e+00  3.09029543e+08 -1.67866690e+02 
 3.16227766e+08  4.61203043e+00  3.16227766e+08 -1.69188414e+02 
 3.23593657e+08  4.65480143e+00  3.23593657e+08 -1.70517827e+02 
 3.31131121e+08  4.69324112e+00  3.31131121e+08 -1.71854365e+02 
 3.38844156e+08  4.72731231e+00  3.38844156e+08 -1.73197453e+02 
 3.46736850e+08  4.75698176e+00  3.46736850e+08 -1.74546503e+02 
 3.54813389e+08  4.78222029e+00  3.54813389e+08 -1.75900916e+02 
 3.63078055e+08  4.80300286e+00  3.63078055e+08 -1.77260087e+02 
 3.71535229e+08  4.81930869e+00  3.71535229e+08 -1.78623401e+02 
 3.80189396e+08  4.83112134e+00  3.80189396e+08 -1.79990237e+02 
 3.89045145e+08  4.83842873e+00  3.89045145e+08  1.78640029e+02 
 3.98107171e+08  4.84122325e+00  3.98107171e+08  1.77268025e+02 
 4.07380278e+08  4.83950175e+00  4.07380278e+08  1.75894378e+02 
 4.16869383e+08  4.83326551e+00  4.16869383e+08  1.74519718e+02 
 4.26579519e+08  4.82252034e+00  4.26579519e+08  1.73144669e+02 
 4.36515832e+08  4.80727645e+00  4.36515832e+08  1.71769854e+02 
 4.46683592e+08  4.78754847e+00  4.46683592e+08  1.70395889e+02 
 4.57088190e+08  4.76335537e+00  4.57088190e+08  1.69023383e+02 
 4.67735141e+08  4.73472039e+00  4.67735141e+08  1.67652937e+02 
 4.78630092e+08  4.70167096e+00  4.78630092e+08  1.66285142e+02 
 4.89778819e+08  4.66423859e+00  4.89778819e+08  1.64920578e+02 
 5.01187234e+08  4.62245874e+00  5.01187234e+08  1.63559809e+02 
 5.12861384e+08  4.57637070e+00  5.12861384e+08  1.62203389e+02 
 5.24807460e+08  4.52601745e+00  5.24807460e+08  1.60851853e+02 
 5.37031796e+08  4.47144549e+00  5.37031796e+08  1.59505721e+02 
 5.49540874e+08  4.41270469e+00  5.49540874e+08  1.58165495e+02 
 5.62341325e+08  4.34984811e+00  5.62341325e+08  1.56831657e+02 
 5.75439937e+08  4.28293182e+00  5.75439937e+08  1.55504670e+02 
 5.88843655e+08  4.21201467e+00  5.88843655e+08  1.54184977e+02 
 6.02559586e+08  4.13715817e+00  6.02559586e+08  1.52872998e+02 
 6.16595002e+08  4.05842625e+00  6.16595002e+08  1.51569132e+02 
 6.30957344e+08  3.97588503e+00  6.30957344e+08  1.50273756e+02 
 6.45654229e+08  3.88960267e+00  6.45654229e+08  1.48987223e+02 
 6.60693448e+08  3.79964913e+00  6.60693448e+08  1.47709862e+02 
 6.76082975e+08  3.70609599e+00  6.76082975e+08  1.46441979e+02 
 6.91830971e+08  3.60901622e+00  6.91830971e+08  1.45183857e+02 
 7.07945784e+08  3.50848399e+00  7.07945784e+08  1.43935754e+02 
 7.24435960e+08  3.40457449e+00  7.24435960e+08  1.42697903e+02 
 7.41310241e+08  3.29736373e+00  7.41310241e+08  1.41470516e+02 
 7.58577575e+08  3.18692832e+00  7.58577575e+08  1.40253779e+02 
 7.76247117e+08  3.07334534e+00  7.76247117e+08  1.39047855e+02 
 7.94328235e+08  2.95669213e+00  7.94328235e+08  1.37852883e+02 
 8.12830516e+08  2.83704615e+00  8.12830516e+08  1.36668980e+02 
 8.31763771e+08  2.71448477e+00  8.31763771e+08  1.35496241e+02 
 8.51138038e+08  2.58908518e+00  8.51138038e+08  1.34334738e+02 
 8.70963590e+08  2.46092420e+00  8.70963590e+08  1.33184522e+02 
 8.91250938e+08  2.33007816e+00  8.91250938e+08  1.32045622e+02 
 9.12010839e+08  2.19662277e+00  9.12010839e+08  1.30918047e+02 
 9.33254301e+08  2.06063300e+00  9.33254301e+08  1.29801787e+02 
 9.54992586e+08  1.92218299e+00  9.54992586e+08  1.28696812e+02 
 9.77237221e+08  1.78134590e+00  9.77237221e+08  1.27603073e+02 
 1.00000000e+09  1.63819387e+00  1.00000000e+09  1.26520505e+02 
