 1.00000000e+00  1.58367117e+02 
 1.02329299e+00  1.58367004e+02 
 1.04712855e+00  1.58366886e+02 
 1.07151931e+00  1.58366762e+02 
 1.09647820e+00  1.58366633e+02 
 1.12201845e+00  1.58366497e+02 
 1.14815362e+00  1.58366355e+02 
 1.17489755e+00  1.58366207e+02 
 1.20226443e+00  1.58366051e+02 
 1.23026877e+00  1.58365888e+02 
 1.25892541e+00  1.58365717e+02 
 1.28824955e+00  1.58365539e+02 
 1.31825674e+00  1.58365352e+02 
 1.34896288e+00  1.58365156e+02 
 1.38038426e+00  1.58364951e+02 
 1.41253754e+00  1.58364736e+02 
 1.44543977e+00  1.58364511e+02 
 1.47910839e+00  1.58364275e+02 
 1.51356125e+00  1.58364029e+02 
 1.54881662e+00  1.58363771e+02 
 1.58489319e+00  1.58363500e+02 
 1.62181010e+00  1.58363217e+02 
 1.65958691e+00  1.58362921e+02 
 1.69824365e+00  1.58362611e+02 
 1.73780083e+00  1.58362286e+02 
 1.77827941e+00  1.58361946e+02 
 1.81970086e+00  1.58361589e+02 
 1.86208714e+00  1.58361217e+02 
 1.90546072e+00  1.58360826e+02 
 1.94984460e+00  1.58360417e+02 
 1.99526231e+00  1.58359989e+02 
 2.04173794e+00  1.58359541e+02 
 2.08929613e+00  1.58359072e+02 
 2.13796209e+00  1.58358580e+02 
 2.18776162e+00  1.58358066e+02 
 2.23872114e+00  1.58357527e+02 
 2.29086765e+00  1.58356963e+02 
 2.34422882e+00  1.58356373e+02 
 2.39883292e+00  1.58355755e+02 
 2.45470892e+00  1.58355108e+02 
 2.51188643e+00  1.58354430e+02 
 2.57039578e+00  1.58353721e+02 
 2.63026799e+00  1.58352978e+02 
 2.69153480e+00  1.58352200e+02 
 2.75422870e+00  1.58351386e+02 
 2.81838293e+00  1.58350534e+02 
 2.88403150e+00  1.58349641e+02 
 2.95120923e+00  1.58348707e+02 
 3.01995172e+00  1.58347729e+02 
 3.09029543e+00  1.58346706e+02 
 3.16227766e+00  1.58345634e+02 
 3.23593657e+00  1.58344512e+02 
 3.31131121e+00  1.58343337e+02 
 3.38844156e+00  1.58342108e+02 
 3.46736850e+00  1.58340820e+02 
 3.54813389e+00  1.58339473e+02 
 3.63078055e+00  1.58338062e+02 
 3.71535229e+00  1.58336586e+02 
 3.80189396e+00  1.58335040e+02 
 3.89045145e+00  1.58333423e+02 
 3.98107171e+00  1.58331729e+02 
 4.07380278e+00  1.58329957e+02 
 4.16869383e+00  1.58328101e+02 
 4.26579519e+00  1.58326160e+02 
 4.36515832e+00  1.58324127e+02 
 4.46683592e+00  1.58322000e+02 
 4.57088190e+00  1.58319774e+02 
 4.67735141e+00  1.58317444e+02 
 4.78630092e+00  1.58315005e+02 
 4.89778819e+00  1.58312453e+02 
 5.01187234e+00  1.58309783e+02 
 5.12861384e+00  1.58306988e+02 
 5.24807460e+00  1.58304064e+02 
 5.37031796e+00  1.58301003e+02 
 5.49540874e+00  1.58297801e+02 
 5.62341325e+00  1.58294451e+02 
 5.75439937e+00  1.58290945e+02 
 5.88843655e+00  1.58287277e+02 
 6.02559586e+00  1.58283440e+02 
 6.16595002e+00  1.58279425e+02 
 6.30957344e+00  1.58275225e+02 
 6.45654229e+00  1.58270832e+02 
 6.60693448e+00  1.58266236e+02 
 6.76082975e+00  1.58261429e+02 
 6.91830971e+00  1.58256401e+02 
 7.07945784e+00  1.58251143e+02 
 7.24435960e+00  1.58245643e+02 
 7.41310241e+00  1.58239892e+02 
 7.58577575e+00  1.58233877e+02 
 7.76247117e+00  1.58227588e+02 
 7.94328235e+00  1.58221013e+02 
 8.12830516e+00  1.58214138e+02 
 8.31763771e+00  1.58206951e+02 
 8.51138038e+00  1.58199438e+02 
 8.70963590e+00  1.58191585e+02 
 8.91250938e+00  1.58183377e+02 
 9.12010839e+00  1.58174798e+02 
 9.33254301e+00  1.58165834e+02 
 9.54992586e+00  1.58156466e+02 
 9.77237221e+00  1.58146679e+02 
 1.00000000e+01  1.58136455e+02 
 1.02329299e+01  1.58125774e+02 
 1.04712855e+01  1.58114617e+02 
 1.07151931e+01  1.58102966e+02 
 1.09647820e+01  1.58090799e+02 
 1.12201845e+01  1.58078095e+02 
 1.14815362e+01  1.58064832e+02 
 1.17489755e+01  1.58050987e+02 
 1.20226443e+01  1.58036537e+02 
 1.23026877e+01  1.58021457e+02 
 1.25892541e+01  1.58005722e+02 
 1.28824955e+01  1.57989307e+02 
 1.31825674e+01  1.57972184e+02 
 1.34896288e+01  1.57954327e+02 
 1.38038426e+01  1.57935706e+02 
 1.41253754e+01  1.57916293e+02 
 1.44543977e+01  1.57896057e+02 
 1.47910839e+01  1.57874969e+02 
 1.51356125e+01  1.57852995e+02 
 1.54881662e+01  1.57830105e+02 
 1.58489319e+01  1.57806264e+02 
 1.62181010e+01  1.57781440e+02 
 1.65958691e+01  1.57755597e+02 
 1.69824365e+01  1.57728699e+02 
 1.73780083e+01  1.57700711e+02 
 1.77827941e+01  1.57671597e+02 
 1.81970086e+01  1.57641318e+02 
 1.86208714e+01  1.57609836e+02 
 1.90546072e+01  1.57577114e+02 
 1.94984460e+01  1.57543112e+02 
 1.99526231e+01  1.57507790e+02 
 2.04173794e+01  1.57471109e+02 
 2.08929613e+01  1.57433028e+02 
 2.13796209e+01  1.57393508e+02 
 2.18776162e+01  1.57352507e+02 
 2.23872114e+01  1.57309984e+02 
 2.29086765e+01  1.57265899e+02 
 2.34422882e+01  1.57220211e+02 
 2.39883292e+01  1.57172880e+02 
 2.45470892e+01  1.57123864e+02 
 2.51188643e+01  1.57073125e+02 
 2.57039578e+01  1.57020622e+02 
 2.63026799e+01  1.56966317e+02 
 2.69153480e+01  1.56910171e+02 
 2.75422870e+01  1.56852147e+02 
 2.81838293e+01  1.56792207e+02 
 2.88403150e+01  1.56730318e+02 
 2.95120923e+01  1.56666442e+02 
 3.01995172e+01  1.56600549e+02 
 3.09029543e+01  1.56532605e+02 
 3.16227766e+01  1.56462580e+02 
 3.23593657e+01  1.56390445e+02 
 3.31131121e+01  1.56316174e+02 
 3.38844156e+01  1.56239740e+02 
 3.46736850e+01  1.56161119e+02 
 3.54813389e+01  1.56080291e+02 
 3.63078055e+01  1.55997236e+02 
 3.71535229e+01  1.55911936e+02 
 3.80189396e+01  1.55824376e+02 
 3.89045145e+01  1.55734543e+02 
 3.98107171e+01  1.55642427e+02 
 4.07380278e+01  1.55548018e+02 
 4.16869383e+01  1.55451312e+02 
 4.26579519e+01  1.55352304e+02 
 4.36515832e+01  1.55250994e+02 
 4.46683592e+01  1.55147383e+02 
 4.57088190e+01  1.55041475e+02 
 4.67735141e+01  1.54933275e+02 
 4.78630092e+01  1.54822794e+02 
 4.89778819e+01  1.54710041e+02 
 5.01187234e+01  1.54595031e+02 
 5.12861384e+01  1.54477777e+02 
 5.24807460e+01  1.54358299e+02 
 5.37031796e+01  1.54236617e+02 
 5.49540874e+01  1.54112751e+02 
 5.62341325e+01  1.53986726e+02 
 5.75439937e+01  1.53858568e+02 
 5.88843655e+01  1.53728304e+02 
 6.02559586e+01  1.53595963e+02 
 6.16595002e+01  1.53461576e+02 
 6.30957344e+01  1.53325172e+02 
 6.45654229e+01  1.53186790e+02 
 6.60693448e+01  1.53046463e+02 
 6.76082975e+01  1.52904226e+02 
 6.91830971e+01  1.52760116e+02 
 7.07945784e+01  1.52614170e+02 
 7.24435960e+01  1.52466427e+02 
 7.41310241e+01  1.52316927e+02 
 7.58577575e+01  1.52165707e+02 
 7.76247117e+01  1.52012810e+02 
 7.94328235e+01  1.51858274e+02 
 8.12830516e+01  1.51702141e+02 
 8.31763771e+01  1.51544451e+02 
 8.51138038e+01  1.51385246e+02 
 8.70963590e+01  1.51224565e+02 
 8.91250938e+01  1.51062450e+02 
 9.12010839e+01  1.50898941e+02 
 9.33254301e+01  1.50734079e+02 
 9.54992586e+01  1.50567902e+02 
 9.77237221e+01  1.50400451e+02 
 1.00000000e+02  1.50231764e+02 
 1.02329299e+02  1.50061880e+02 
 1.04712855e+02  1.49890837e+02 
 1.07151931e+02  1.49718672e+02 
 1.09647820e+02  1.49545422e+02 
 1.12201845e+02  1.49371123e+02 
 1.14815362e+02  1.49195810e+02 
 1.17489755e+02  1.49019517e+02 
 1.20226443e+02  1.48842279e+02 
 1.23026877e+02  1.48664128e+02 
 1.25892541e+02  1.48485097e+02 
 1.28824955e+02  1.48305218e+02 
 1.31825674e+02  1.48124520e+02 
 1.34896288e+02  1.47943034e+02 
 1.38038426e+02  1.47760788e+02 
 1.41253754e+02  1.47577812e+02 
 1.44543977e+02  1.47394131e+02 
 1.47910839e+02  1.47209774e+02 
 1.51356125e+02  1.47024766e+02 
 1.54881662e+02  1.46839131e+02 
 1.58489319e+02  1.46652894e+02 
 1.62181010e+02  1.46466079e+02 
 1.65958691e+02  1.46278707e+02 
 1.69824365e+02  1.46090802e+02 
 1.73780083e+02  1.45902384e+02 
 1.77827941e+02  1.45713473e+02 
 1.81970086e+02  1.45524090e+02 
 1.86208714e+02  1.45334254e+02 
 1.90546072e+02  1.45143982e+02 
 1.94984460e+02  1.44953292e+02 
 1.99526231e+02  1.44762203e+02 
 2.04173794e+02  1.44570729e+02 
 2.08929613e+02  1.44378887e+02 
 2.13796209e+02  1.44186693e+02 
 2.18776162e+02  1.43994160e+02 
 2.23872114e+02  1.43801303e+02 
 2.29086765e+02  1.43608136e+02 
 2.34422882e+02  1.43414671e+02 
 2.39883292e+02  1.43220921e+02 
 2.45470892e+02  1.43026899e+02 
 2.51188643e+02  1.42832615e+02 
 2.57039578e+02  1.42638081e+02 
 2.63026799e+02  1.42443307e+02 
 2.69153480e+02  1.42248304e+02 
 2.75422870e+02  1.42053081e+02 
 2.81838293e+02  1.41857648e+02 
 2.88403150e+02  1.41662014e+02 
 2.95120923e+02  1.41466188e+02 
 3.01995172e+02  1.41270178e+02 
 3.09029543e+02  1.41073991e+02 
 3.16227766e+02  1.40877636e+02 
 3.23593657e+02  1.40681120e+02 
 3.31131121e+02  1.40484450e+02 
 3.38844156e+02  1.40287632e+02 
 3.46736850e+02  1.40090673e+02 
 3.54813389e+02  1.39893579e+02 
 3.63078055e+02  1.39696357e+02 
 3.71535229e+02  1.39499011e+02 
 3.80189396e+02  1.39301547e+02 
 3.89045145e+02  1.39103970e+02 
 3.98107171e+02  1.38906285e+02 
 4.07380278e+02  1.38708498e+02 
 4.16869383e+02  1.38510611e+02 
 4.26579519e+02  1.38312631e+02 
 4.36515832e+02  1.38114561e+02 
 4.46683592e+02  1.37916404e+02 
 4.57088190e+02  1.37718166e+02 
 4.67735141e+02  1.37519848e+02 
 4.78630092e+02  1.37321456e+02 
 4.89778819e+02  1.37122992e+02 
 5.01187234e+02  1.36924459e+02 
 5.12861384e+02  1.36725861e+02 
 5.24807460e+02  1.36527200e+02 
 5.37031796e+02  1.36328479e+02 
 5.49540874e+02  1.36129701e+02 
 5.62341325e+02  1.35930868e+02 
 5.75439937e+02  1.35731983e+02 
 5.88843655e+02  1.35533048e+02 
 6.02559586e+02  1.35334065e+02 
 6.16595002e+02  1.35135037e+02 
 6.30957344e+02  1.34935965e+02 
 6.45654229e+02  1.34736852e+02 
 6.60693448e+02  1.34537699e+02 
 6.76082975e+02  1.34338508e+02 
 6.91830971e+02  1.34139281e+02 
 7.07945784e+02  1.33940019e+02 
 7.24435960e+02  1.33740724e+02 
 7.41310241e+02  1.33541397e+02 
 7.58577575e+02  1.33342040e+02 
 7.76247117e+02  1.33142654e+02 
 7.94328235e+02  1.32943241e+02 
 8.12830516e+02  1.32743801e+02 
 8.31763771e+02  1.32544336e+02 
 8.51138038e+02  1.32344848e+02 
 8.70963590e+02  1.32145336e+02 
 8.91250938e+02  1.31945802e+02 
 9.12010839e+02  1.31746248e+02 
 9.33254301e+02  1.31546673e+02 
 9.54992586e+02  1.31347079e+02 
 9.77237221e+02  1.31147467e+02 
 1.00000000e+03  1.30947838e+02 
 1.02329299e+03  1.30748192e+02 
 1.04712855e+03  1.30548530e+02 
 1.07151931e+03  1.30348853e+02 
 1.09647820e+03  1.30149161e+02 
 1.12201845e+03  1.29949455e+02 
 1.14815362e+03  1.29749737e+02 
 1.17489755e+03  1.29550005e+02 
 1.20226443e+03  1.29350262e+02 
 1.23026877e+03  1.29150507e+02 
 1.25892541e+03  1.28950741e+02 
 1.28824955e+03  1.28750964e+02 
 1.31825674e+03  1.28551178e+02 
 1.34896288e+03  1.28351381e+02 
 1.38038426e+03  1.28151576e+02 
 1.41253754e+03  1.27951762e+02 
 1.44543977e+03  1.27751940e+02 
 1.47910839e+03  1.27552109e+02 
 1.51356125e+03  1.27352271e+02 
 1.54881662e+03  1.27152426e+02 
 1.58489319e+03  1.26952573e+02 
 1.62181010e+03  1.26752714e+02 
 1.65958691e+03  1.26552849e+02 
 1.69824365e+03  1.26352978e+02 
 1.73780083e+03  1.26153101e+02 
 1.77827941e+03  1.25953218e+02 
 1.81970086e+03  1.25753330e+02 
 1.86208714e+03  1.25553437e+02 
 1.90546072e+03  1.25353539e+02 
 1.94984460e+03  1.25153637e+02 
 1.99526231e+03  1.24953730e+02 
 2.04173794e+03  1.24753819e+02 
 2.08929613e+03  1.24553904e+02 
 2.13796209e+03  1.24353985e+02 
 2.18776162e+03  1.24154063e+02 
 2.23872114e+03  1.23954137e+02 
 2.29086765e+03  1.23754208e+02 
 2.34422882e+03  1.23554275e+02 
 2.39883292e+03  1.23354340e+02 
 2.45470892e+03  1.23154401e+02 
 2.51188643e+03  1.22954460e+02 
 2.57039578e+03  1.22754516e+02 
 2.63026799e+03  1.22554570e+02 
 2.69153480e+03  1.22354621e+02 
 2.75422870e+03  1.22154670e+02 
 2.81838293e+03  1.21954717e+02 
 2.88403150e+03  1.21754761e+02 
 2.95120923e+03  1.21554804e+02 
 3.01995172e+03  1.21354845e+02 
 3.09029543e+03  1.21154884e+02 
 3.16227766e+03  1.20954921e+02 
 3.23593657e+03  1.20754956e+02 
 3.31131121e+03  1.20554990e+02 
 3.38844156e+03  1.20355022e+02 
 3.46736850e+03  1.20155053e+02 
 3.54813389e+03  1.19955083e+02 
 3.63078055e+03  1.19755111e+02 
 3.71535229e+03  1.19555138e+02 
 3.80189396e+03  1.19355163e+02 
 3.89045145e+03  1.19155188e+02 
 3.98107171e+03  1.18955211e+02 
 4.07380278e+03  1.18755234e+02 
 4.16869383e+03  1.18555255e+02 
 4.26579519e+03  1.18355276e+02 
 4.36515832e+03  1.18155295e+02 
 4.46683592e+03  1.17955314e+02 
 4.57088190e+03  1.17755331e+02 
 4.67735141e+03  1.17555348e+02 
 4.78630092e+03  1.17355365e+02 
 4.89778819e+03  1.17155380e+02 
 5.01187234e+03  1.16955395e+02 
 5.12861384e+03  1.16755409e+02 
 5.24807460e+03  1.16555422e+02 
 5.37031796e+03  1.16355435e+02 
 5.49540874e+03  1.16155448e+02 
 5.62341325e+03  1.15955459e+02 
 5.75439937e+03  1.15755471e+02 
 5.88843655e+03  1.15555481e+02 
 6.02559586e+03  1.15355491e+02 
 6.16595002e+03  1.15155501e+02 
 6.30957344e+03  1.14955511e+02 
 6.45654229e+03  1.14755519e+02 
 6.60693448e+03  1.14555528e+02 
 6.76082975e+03  1.14355536e+02 
 6.91830971e+03  1.14155544e+02 
 7.07945784e+03  1.13955551e+02 
 7.24435960e+03  1.13755558e+02 
 7.41310241e+03  1.13555565e+02 
 7.58577575e+03  1.13355572e+02 
 7.76247117e+03  1.13155578e+02 
 7.94328235e+03  1.12955584e+02 
 8.12830516e+03  1.12755589e+02 
 8.31763771e+03  1.12555595e+02 
 8.51138038e+03  1.12355600e+02 
 8.70963590e+03  1.12155605e+02 
 8.91250938e+03  1.11955609e+02 
 9.12010839e+03  1.11755614e+02 
 9.33254301e+03  1.11555618e+02 
 9.54992586e+03  1.11355622e+02 
 9.77237221e+03  1.11155626e+02 
 1.00000000e+04  1.10955630e+02 
 1.02329299e+04  1.10755633e+02 
 1.04712855e+04  1.10555637e+02 
 1.07151931e+04  1.10355640e+02 
 1.09647820e+04  1.10155643e+02 
 1.12201845e+04  1.09955646e+02 
 1.14815362e+04  1.09755649e+02 
 1.17489755e+04  1.09555651e+02 
 1.20226443e+04  1.09355654e+02 
 1.23026877e+04  1.09155656e+02 
 1.25892541e+04  1.08955659e+02 
 1.28824955e+04  1.08755661e+02 
 1.31825674e+04  1.08555663e+02 
 1.34896288e+04  1.08355665e+02 
 1.38038426e+04  1.08155667e+02 
 1.41253754e+04  1.07955669e+02 
 1.44543977e+04  1.07755671e+02 
 1.47910839e+04  1.07555672e+02 
 1.51356125e+04  1.07355674e+02 
 1.54881662e+04  1.07155676e+02 
 1.58489319e+04  1.06955677e+02 
 1.62181010e+04  1.06755679e+02 
 1.65958691e+04  1.06555680e+02 
 1.69824365e+04  1.06355681e+02 
 1.73780083e+04  1.06155682e+02 
 1.77827941e+04  1.05955684e+02 
 1.81970086e+04  1.05755685e+02 
 1.86208714e+04  1.05555686e+02 
 1.90546072e+04  1.05355687e+02 
 1.94984460e+04  1.05155688e+02 
 1.99526231e+04  1.04955689e+02 
 2.04173794e+04  1.04755690e+02 
 2.08929613e+04  1.04555690e+02 
 2.13796209e+04  1.04355691e+02 
 2.18776162e+04  1.04155692e+02 
 2.23872114e+04  1.03955693e+02 
 2.29086765e+04  1.03755693e+02 
 2.34422882e+04  1.03555694e+02 
 2.39883292e+04  1.03355695e+02 
 2.45470892e+04  1.03155695e+02 
 2.51188643e+04  1.02955696e+02 
 2.57039578e+04  1.02755697e+02 
 2.63026799e+04  1.02555697e+02 
 2.69153480e+04  1.02355698e+02 
 2.75422870e+04  1.02155698e+02 
 2.81838293e+04  1.01955699e+02 
 2.88403150e+04  1.01755699e+02 
 2.95120923e+04  1.01555699e+02 
 3.01995172e+04  1.01355700e+02 
 3.09029543e+04  1.01155700e+02 
 3.16227766e+04  1.00955701e+02 
 3.23593657e+04  1.00755701e+02 
 3.31131121e+04  1.00555701e+02 
 3.38844156e+04  1.00355702e+02 
 3.46736850e+04  1.00155702e+02 
 3.54813389e+04  9.99557023e+01 
 3.63078055e+04  9.97557025e+01 
 3.71535229e+04  9.95557028e+01 
 3.80189396e+04  9.93557031e+01 
 3.89045145e+04  9.91557033e+01 
 3.98107171e+04  9.89557035e+01 
 4.07380278e+04  9.87557038e+01 
 4.16869383e+04  9.85557040e+01 
 4.26579519e+04  9.83557042e+01 
 4.36515832e+04  9.81557044e+01 
 4.46683592e+04  9.79557046e+01 
 4.57088190e+04  9.77557048e+01 
 4.67735141e+04  9.75557049e+01 
 4.78630092e+04  9.73557051e+01 
 4.89778819e+04  9.71557053e+01 
 5.01187234e+04  9.69557054e+01 
 5.12861384e+04  9.67557055e+01 
 5.24807460e+04  9.65557057e+01 
 5.37031796e+04  9.63557058e+01 
 5.49540874e+04  9.61557059e+01 
 5.62341325e+04  9.59557061e+01 
 5.75439937e+04  9.57557062e+01 
 5.88843655e+04  9.55557063e+01 
 6.02559586e+04  9.53557064e+01 
 6.16595002e+04  9.51557065e+01 
 6.30957344e+04  9.49557066e+01 
 6.45654229e+04  9.47557067e+01 
 6.60693448e+04  9.45557068e+01 
 6.76082975e+04  9.43557069e+01 
 6.91830971e+04  9.41557070e+01 
 7.07945784e+04  9.39557071e+01 
 7.24435960e+04  9.37557071e+01 
 7.41310241e+04  9.35557072e+01 
 7.58577575e+04  9.33557073e+01 
 7.76247117e+04  9.31557074e+01 
 7.94328235e+04  9.29557074e+01 
 8.12830516e+04  9.27557075e+01 
 8.31763771e+04  9.25557076e+01 
 8.51138038e+04  9.23557076e+01 
 8.70963590e+04  9.21557077e+01 
 8.91250938e+04  9.19557077e+01 
 9.12010839e+04  9.17557078e+01 
 9.33254301e+04  9.15557078e+01 
 9.54992586e+04  9.13557079e+01 
 9.77237221e+04  9.11557080e+01 
 1.00000000e+05  9.09557080e+01 
 1.02329299e+05  9.07557081e+01 
 1.04712855e+05  9.05557081e+01 
 1.07151931e+05  9.03557082e+01 
 1.09647820e+05  9.01557082e+01 
 1.12201845e+05  8.99557083e+01 
 1.14815362e+05  8.97557083e+01 
 1.17489755e+05  8.95557083e+01 
 1.20226443e+05  8.93557084e+01 
 1.23026877e+05  8.91557084e+01 
 1.25892541e+05  8.89557085e+01 
 1.28824955e+05  8.87557085e+01 
 1.31825674e+05  8.85557086e+01 
 1.34896288e+05  8.83557086e+01 
 1.38038426e+05  8.81557087e+01 
 1.41253754e+05  8.79557087e+01 
 1.44543977e+05  8.77557088e+01 
 1.47910839e+05  8.75557088e+01 
 1.51356125e+05  8.73557089e+01 
 1.54881662e+05  8.71557089e+01 
 1.58489319e+05  8.69557090e+01 
 1.62181010e+05  8.67557090e+01 
 1.65958691e+05  8.65557091e+01 
 1.69824365e+05  8.63557091e+01 
 1.73780083e+05  8.61557092e+01 
 1.77827941e+05  8.59557093e+01 
 1.81970086e+05  8.57557093e+01 
 1.86208714e+05  8.55557094e+01 
 1.90546072e+05  8.53557094e+01 
 1.94984460e+05  8.51557095e+01 
 1.99526231e+05  8.49557096e+01 
 2.04173794e+05  8.47557097e+01 
 2.08929613e+05  8.45557097e+01 
 2.13796209e+05  8.43557098e+01 
 2.18776162e+05  8.41557099e+01 
 2.23872114e+05  8.39557100e+01 
 2.29086765e+05  8.37557101e+01 
 2.34422882e+05  8.35557101e+01 
 2.39883292e+05  8.33557102e+01 
 2.45470892e+05  8.31557103e+01 
 2.51188643e+05  8.29557104e+01 
 2.57039578e+05  8.27557105e+01 
 2.63026799e+05  8.25557106e+01 
 2.69153480e+05  8.23557108e+01 
 2.75422870e+05  8.21557109e+01 
 2.81838293e+05  8.19557110e+01 
 2.88403150e+05  8.17557111e+01 
 2.95120923e+05  8.15557113e+01 
 3.01995172e+05  8.13557114e+01 
 3.09029543e+05  8.11557116e+01 
 3.16227766e+05  8.09557117e+01 
 3.23593657e+05  8.07557119e+01 
 3.31131121e+05  8.05557120e+01 
 3.38844156e+05  8.03557122e+01 
 3.46736850e+05  8.01557124e+01 
 3.54813389e+05  7.99557126e+01 
 3.63078055e+05  7.97557128e+01 
 3.71535229e+05  7.95557130e+01 
 3.80189396e+05  7.93557132e+01 
 3.89045145e+05  7.91557134e+01 
 3.98107171e+05  7.89557137e+01 
 4.07380278e+05  7.87557139e+01 
 4.16869383e+05  7.85557142e+01 
 4.26579519e+05  7.83557145e+01 
 4.36515832e+05  7.81557148e+01 
 4.46683592e+05  7.79557151e+01 
 4.57088190e+05  7.77557154e+01 
 4.67735141e+05  7.75557157e+01 
 4.78630092e+05  7.73557160e+01 
 4.89778819e+05  7.71557164e+01 
 5.01187234e+05  7.69557168e+01 
 5.12861384e+05  7.67557172e+01 
 5.24807460e+05  7.65557176e+01 
 5.37031796e+05  7.63557180e+01 
 5.49540874e+05  7.61557185e+01 
 5.62341325e+05  7.59557189e+01 
 5.75439937e+05  7.57557194e+01 
 5.88843655e+05  7.55557200e+01 
 6.02559586e+05  7.53557205e+01 
 6.16595002e+05  7.51557211e+01 
 6.30957344e+05  7.49557217e+01 
 6.45654229e+05  7.47557223e+01 
 6.60693448e+05  7.45557230e+01 
 6.76082975e+05  7.43557236e+01 
 6.91830971e+05  7.41557244e+01 
 7.07945784e+05  7.39557251e+01 
 7.24435960e+05  7.37557259e+01 
 7.41310241e+05  7.35557267e+01 
 7.58577575e+05  7.33557276e+01 
 7.76247117e+05  7.31557285e+01 
 7.94328235e+05  7.29557294e+01 
 8.12830516e+05  7.27557304e+01 
 8.31763771e+05  7.25557315e+01 
 8.51138038e+05  7.23557325e+01 
 8.70963590e+05  7.21557337e+01 
 8.91250938e+05  7.19557349e+01 
 9.12010839e+05  7.17557361e+01 
 9.33254301e+05  7.15557374e+01 
 9.54992586e+05  7.13557388e+01 
 9.77237221e+05  7.11557402e+01 
 1.00000000e+06  7.09557417e+01 
 1.02329299e+06  7.07557433e+01 
 1.04712855e+06  7.05557449e+01 
 1.07151931e+06  7.03557466e+01 
 1.09647820e+06  7.01557484e+01 
 1.12201845e+06  6.99557503e+01 
 1.14815362e+06  6.97557523e+01 
 1.17489755e+06  6.95557544e+01 
 1.20226443e+06  6.93557565e+01 
 1.23026877e+06  6.91557588e+01 
 1.25892541e+06  6.89557612e+01 
 1.28824955e+06  6.87557636e+01 
 1.31825674e+06  6.85557662e+01 
 1.34896288e+06  6.83557690e+01 
 1.38038426e+06  6.81557718e+01 
 1.41253754e+06  6.79557748e+01 
 1.44543977e+06  6.77557779e+01 
 1.47910839e+06  6.75557812e+01 
 1.51356125e+06  6.73557846e+01 
 1.54881662e+06  6.71557882e+01 
 1.58489319e+06  6.69557920e+01 
 1.62181010e+06  6.67557959e+01 
 1.65958691e+06  6.65558000e+01 
 1.69824365e+06  6.63558044e+01 
 1.73780083e+06  6.61558089e+01 
 1.77827941e+06  6.59558136e+01 
 1.81970086e+06  6.57558186e+01 
 1.86208714e+06  6.55558238e+01 
 1.90546072e+06  6.53558292e+01 
 1.94984460e+06  6.51558349e+01 
 1.99526231e+06  6.49558408e+01 
 2.04173794e+06  6.47558471e+01 
 2.08929613e+06  6.45558536e+01 
 2.13796209e+06  6.43558604e+01 
 2.18776162e+06  6.41558676e+01 
 2.23872114e+06  6.39558751e+01 
 2.29086765e+06  6.37558830e+01 
 2.34422882e+06  6.35558912e+01 
 2.39883292e+06  6.33558998e+01 
 2.45470892e+06  6.31559088e+01 
 2.51188643e+06  6.29559183e+01 
 2.57039578e+06  6.27559281e+01 
 2.63026799e+06  6.25559385e+01 
 2.69153480e+06  6.23559493e+01 
 2.75422870e+06  6.21559607e+01 
 2.81838293e+06  6.19559726e+01 
 2.88403150e+06  6.17559850e+01 
 2.95120923e+06  6.15559981e+01 
 3.01995172e+06  6.13560117e+01 
 3.09029543e+06  6.11560260e+01 
 3.16227766e+06  6.09560410e+01 
 3.23593657e+06  6.07560566e+01 
 3.31131121e+06  6.05560730e+01 
 3.38844156e+06  6.03560902e+01 
 3.46736850e+06  6.01561082e+01 
 3.54813389e+06  5.99561271e+01 
 3.63078055e+06  5.97561468e+01 
 3.71535229e+06  5.95561674e+01 
 3.80189396e+06  5.93561891e+01 
 3.89045145e+06  5.91562117e+01 
 3.98107171e+06  5.89562354e+01 
 4.07380278e+06  5.87562603e+01 
 4.16869383e+06  5.85562863e+01 
 4.26579519e+06  5.83563135e+01 
 4.36515832e+06  5.81563420e+01 
 4.46683592e+06  5.79563719e+01 
 4.57088190e+06  5.77564032e+01 
 4.67735141e+06  5.75564359e+01 
 4.78630092e+06  5.73564702e+01 
 4.89778819e+06  5.71565061e+01 
 5.01187234e+06  5.69565436e+01 
 5.12861384e+06  5.67565830e+01 
 5.24807460e+06  5.65566242e+01 
 5.37031796e+06  5.63566674e+01 
 5.49540874e+06  5.61567126e+01 
 5.62341325e+06  5.59567599e+01 
 5.75439937e+06  5.57568094e+01 
 5.88843655e+06  5.55568613e+01 
 6.02559586e+06  5.53569156e+01 
 6.16595002e+06  5.51569725e+01 
 6.30957344e+06  5.49570321e+01 
 6.45654229e+06  5.47570944e+01 
 6.60693448e+06  5.45571598e+01 
 6.76082975e+06  5.43572281e+01 
 6.91830971e+06  5.41572997e+01 
 7.07945784e+06  5.39573747e+01 
 7.24435960e+06  5.37574532e+01 
 7.41310241e+06  5.35575355e+01 
 7.58577575e+06  5.33576215e+01 
 7.76247117e+06  5.31577117e+01 
 7.94328235e+06  5.29578061e+01 
 8.12830516e+06  5.27579049e+01 
 8.31763771e+06  5.25580084e+01 
 8.51138038e+06  5.23581167e+01 
 8.70963590e+06  5.21582302e+01 
 8.91250938e+06  5.19583490e+01 
 9.12010839e+06  5.17584734e+01 
 9.33254301e+06  5.15586037e+01 
 9.54992586e+06  5.13587401e+01 
 9.77237221e+06  5.11588829e+01 
 1.00000000e+07  5.09590325e+01 
 1.02329299e+07  5.07591891e+01 
 1.04712855e+07  5.05593530e+01 
 1.07151931e+07  5.03595247e+01 
 1.09647820e+07  5.01597045e+01 
 1.12201845e+07  4.99598927e+01 
 1.14815362e+07  4.97600898e+01 
 1.17489755e+07  4.95602962e+01 
 1.20226443e+07  4.93605123e+01 
 1.23026877e+07  4.91607386e+01 
 1.25892541e+07  4.89609755e+01 
 1.28824955e+07  4.87612236e+01 
 1.31825674e+07  4.85614833e+01 
 1.34896288e+07  4.83617553e+01 
 1.38038426e+07  4.81620401e+01 
 1.41253754e+07  4.79623382e+01 
 1.44543977e+07  4.77626504e+01 
 1.47910839e+07  4.75629773e+01 
 1.51356125e+07  4.73633196e+01 
 1.54881662e+07  4.71636780e+01 
 1.58489319e+07  4.69640532e+01 
 1.62181010e+07  4.67644461e+01 
 1.65958691e+07  4.65648575e+01 
 1.69824365e+07  4.63652882e+01 
 1.73780083e+07  4.61657391e+01 
 1.77827941e+07  4.59662113e+01 
 1.81970086e+07  4.57667057e+01 
 1.86208714e+07  4.55672233e+01 
 1.90546072e+07  4.53677652e+01 
 1.94984460e+07  4.51683326e+01 
 1.99526231e+07  4.49689267e+01 
 2.04173794e+07  4.47695486e+01 
 2.08929613e+07  4.45701998e+01 
 2.13796209e+07  4.43708816e+01 
 2.18776162e+07  4.41715954e+01 
 2.23872114e+07  4.39723427e+01 
 2.29086765e+07  4.37731251e+01 
 2.34422882e+07  4.35739442e+01 
 2.39883292e+07  4.33748018e+01 
 2.45470892e+07  4.31756996e+01 
 2.51188643e+07  4.29766395e+01 
 2.57039578e+07  4.27776234e+01 
 2.63026799e+07  4.25786536e+01 
 2.69153480e+07  4.23797320e+01 
 2.75422870e+07  4.21808609e+01 
 2.81838293e+07  4.19820428e+01 
 2.88403150e+07  4.17832800e+01 
 2.95120923e+07  4.15845751e+01 
 3.01995172e+07  4.13859309e+01 
 3.09029543e+07  4.11873501e+01 
 3.16227766e+07  4.09888357e+01 
 3.23593657e+07  4.07903908e+01 
 3.31131121e+07  4.05920186e+01 
 3.38844156e+07  4.03937224e+01 
 3.46736850e+07  4.01955059e+01 
 3.54813389e+07  3.99973726e+01 
 3.63078055e+07  3.97993264e+01 
 3.71535229e+07  3.96013714e+01 
 3.80189396e+07  3.94035118e+01 
 3.89045145e+07  3.92057519e+01 
 3.98107171e+07  3.90080963e+01 
 4.07380278e+07  3.88105499e+01 
 4.16869383e+07  3.86131176e+01 
 4.26579519e+07  3.84158048e+01 
 4.36515832e+07  3.82186168e+01 
 4.46683592e+07  3.80215595e+01 
 4.57088190e+07  3.78246387e+01 
 4.67735141e+07  3.76278607e+01 
 4.78630092e+07  3.74312320e+01 
 4.89778819e+07  3.72347594e+01 
 5.01187234e+07  3.70384500e+01 
 5.12861384e+07  3.68423113e+01 
 5.24807460e+07  3.66463509e+01 
 5.37031796e+07  3.64505768e+01 
 5.49540874e+07  3.62549976e+01 
 5.62341325e+07  3.60596220e+01 
 5.75439937e+07  3.58644590e+01 
 5.88843655e+07  3.56695184e+01 
 6.02559586e+07  3.54748099e+01 
 6.16595002e+07  3.52803440e+01 
 6.30957344e+07  3.50861314e+01 
 6.45654229e+07  3.48921834e+01 
 6.60693448e+07  3.46985116e+01 
 6.76082975e+07  3.45051284e+01 
 6.91830971e+07  3.43120463e+01 
 7.07945784e+07  3.41192785e+01 
 7.24435960e+07  3.39268389e+01 
 7.41310241e+07  3.37347416e+01 
 7.58577575e+07  3.35430016e+01 
 7.76247117e+07  3.33516341e+01 
 7.94328235e+07  3.31606554e+01 
 8.12830516e+07  3.29700820e+01 
 8.31763771e+07  3.27799312e+01 
 8.51138038e+07  3.25902209e+01 
 8.70963590e+07  3.24009697e+01 
 8.91250938e+07  3.22121970e+01 
 9.12010839e+07  3.20239227e+01 
 9.33254301e+07  3.18361676e+01 
 9.54992586e+07  3.16489530e+01 
 9.77237221e+07  3.14623011e+01 
 1.00000000e+08  3.12762350e+01 
 1.02329299e+08  3.10907783e+01 
 1.04712855e+08  3.09059555e+01 
 1.07151931e+08  3.07217920e+01 
 1.09647820e+08  3.05383137e+01 
 1.12201845e+08  3.03555478e+01 
 1.14815362e+08  3.01735218e+01 
 1.17489755e+08  2.99922644e+01 
 1.20226443e+08  2.98118049e+01 
 1.23026877e+08  2.96321735e+01 
 1.25892541e+08  2.94534013e+01 
 1.28824955e+08  2.92755200e+01 
 1.31825674e+08  2.90985624e+01 
 1.34896288e+08  2.89225618e+01 
 1.38038426e+08  2.87475525e+01 
 1.41253754e+08  2.85735695e+01 
 1.44543977e+08  2.84006484e+01 
 1.47910839e+08  2.82288257e+01 
 1.51356125e+08  2.80581386e+01 
 1.54881662e+08  2.78886246e+01 
 1.58489319e+08  2.77203224e+01 
 1.62181010e+08  2.75532707e+01 
 1.65958691e+08  2.73875090e+01 
 1.69824365e+08  2.72230774e+01 
 1.73780083e+08  2.70600160e+01 
 1.77827941e+08  2.68983656e+01 
 1.81970086e+08  2.67381672e+01 
 1.86208714e+08  2.65794619e+01 
 1.90546072e+08  2.64222911e+01 
 1.94984460e+08  2.62666961e+01 
 1.99526231e+08  2.61127183e+01 
 2.04173794e+08  2.59603988e+01 
 2.08929613e+08  2.58097786e+01 
 2.13796209e+08  2.56608983e+01 
 2.18776162e+08  2.55137983e+01 
 2.23872114e+08  2.53685182e+01 
 2.29086765e+08  2.52250971e+01 
 2.34422882e+08  2.50835733e+01 
 2.39883292e+08  2.49439842e+01 
 2.45470892e+08  2.48063664e+01 
 2.51188643e+08  2.46707554e+01 
 2.57039578e+08  2.45371852e+01 
 2.63026799e+08  2.44056889e+01 
 2.69153480e+08  2.42762978e+01 
 2.75422870e+08  2.41490421e+01 
 2.81838293e+08  2.40239500e+01 
 2.88403150e+08  2.39010482e+01 
 2.95120923e+08  2.37803614e+01 
 3.01995172e+08  2.36619126e+01 
 3.09029543e+08  2.35457226e+01 
 3.16227766e+08  2.34318102e+01 
 3.23593657e+08  2.33201922e+01 
 3.31131121e+08  2.32108829e+01 
 3.38844156e+08  2.31038947e+01 
 3.46736850e+08  2.29992376e+01 
 3.54813389e+08  2.28969190e+01 
 3.63078055e+08  2.27969444e+01 
 3.71535229e+08  2.26993166e+01 
 3.80189396e+08  2.26040363e+01 
 3.89045145e+08  2.25111016e+01 
 3.98107171e+08  2.24205085e+01 
 4.07380278e+08  2.23322506e+01 
 4.16869383e+08  2.22463193e+01 
 4.26579519e+08  2.21627037e+01 
 4.36515832e+08  2.20813909e+01 
 4.46683592e+08  2.20023657e+01 
 4.57088190e+08  2.19256112e+01 
 4.67735141e+08  2.18511084e+01 
 4.78630092e+08  2.17788365e+01 
 4.89778819e+08  2.17087729e+01 
 5.01187234e+08  2.16408935e+01 
 5.12861384e+08  2.15751726e+01 
 5.24807460e+08  2.15115832e+01 
 5.37031796e+08  2.14500970e+01 
 5.49540874e+08  2.13906843e+01 
 5.62341325e+08  2.13333147e+01 
 5.75439937e+08  2.12779565e+01 
 5.88843655e+08  2.12245775e+01 
 6.02559586e+08  2.11731446e+01 
 6.16595002e+08  2.11236243e+01 
 6.30957344e+08  2.10759824e+01 
 6.45654229e+08  2.10301846e+01 
 6.60693448e+08  2.09861963e+01 
 6.76082975e+08  2.09439826e+01 
 6.91830971e+08  2.09035089e+01 
 7.07945784e+08  2.08647403e+01 
 7.24435960e+08  2.08276425e+01 
 7.41310241e+08  2.07921811e+01 
 7.58577575e+08  2.07583222e+01 
 7.76247117e+08  2.07260324e+01 
 7.94328235e+08  2.06952788e+01 
 8.12830516e+08  2.06660289e+01 
 8.31763771e+08  2.06382511e+01 
 8.51138038e+08  2.06119144e+01 
 8.70963590e+08  2.05869885e+01 
 8.91250938e+08  2.05634439e+01 
 9.12010839e+08  2.05412523e+01 
 9.33254301e+08  2.05203858e+01 
 9.54992586e+08  2.05008177e+01 
 9.77237221e+08  2.04825223e+01 
 1.00000000e+09  2.04654747e+01 
