 1.00000000e+00  2.98810035e+01  1.00000000e+00  1.80000000e+02 
 1.02329299e+00  2.98810035e+01  1.02329299e+00  1.80000000e+02 
 1.04712855e+00  2.98810035e+01  1.04712855e+00  1.80000000e+02 
 1.07151931e+00  2.98810035e+01  1.07151931e+00  1.80000000e+02 
 1.09647820e+00  2.98810035e+01  1.09647820e+00  1.80000000e+02 
 1.12201845e+00  2.98810035e+01  1.12201845e+00  1.80000000e+02 
 1.14815362e+00  2.98810035e+01  1.14815362e+00  1.80000000e+02 
 1.17489755e+00  2.98810035e+01  1.17489755e+00  1.80000000e+02 
 1.20226443e+00  2.98810035e+01  1.20226443e+00  1.80000000e+02 
 1.23026877e+00  2.98810035e+01  1.23026877e+00  1.80000000e+02 
 1.25892541e+00  2.98810035e+01  1.25892541e+00  1.80000000e+02 
 1.28824955e+00  2.98810035e+01  1.28824955e+00  1.80000000e+02 
 1.31825674e+00  2.98810035e+01  1.31825674e+00  1.80000000e+02 
 1.34896288e+00  2.98810035e+01  1.34896288e+00  1.80000000e+02 
 1.38038426e+00  2.98810035e+01  1.38038426e+00  1.80000000e+02 
 1.41253754e+00  2.98810035e+01  1.41253754e+00  1.80000000e+02 
 1.44543977e+00  2.98810035e+01  1.44543977e+00  1.80000000e+02 
 1.47910839e+00  2.98810035e+01  1.47910839e+00  1.80000000e+02 
 1.51356125e+00  2.98810035e+01  1.51356125e+00  1.80000000e+02 
 1.54881662e+00  2.98810035e+01  1.54881662e+00  1.80000000e+02 
 1.58489319e+00  2.98810035e+01  1.58489319e+00  1.80000000e+02 
 1.62181010e+00  2.98810035e+01  1.62181010e+00  1.80000000e+02 
 1.65958691e+00  2.98810035e+01  1.65958691e+00  1.80000000e+02 
 1.69824365e+00  2.98810035e+01  1.69824365e+00  1.80000000e+02 
 1.73780083e+00  2.98810035e+01  1.73780083e+00  1.80000000e+02 
 1.77827941e+00  2.98810035e+01  1.77827941e+00  1.80000000e+02 
 1.81970086e+00  2.98810035e+01  1.81970086e+00  1.80000000e+02 
 1.86208714e+00  2.98810035e+01  1.86208714e+00  1.80000000e+02 
 1.90546072e+00  2.98810035e+01  1.90546072e+00  1.80000000e+02 
 1.94984460e+00  2.98810035e+01  1.94984460e+00  1.80000000e+02 
 1.99526231e+00  2.98810035e+01  1.99526231e+00  1.80000000e+02 
 2.04173794e+00  2.98810035e+01  2.04173794e+00  1.80000000e+02 
 2.08929613e+00  2.98810035e+01  2.08929613e+00  1.80000000e+02 
 2.13796209e+00  2.98810035e+01  2.13796209e+00  1.80000000e+02 
 2.18776162e+00  2.98810035e+01  2.18776162e+00  1.80000000e+02 
 2.23872114e+00  2.98810035e+01  2.23872114e+00  1.80000000e+02 
 2.29086765e+00  2.98810035e+01  2.29086765e+00  1.80000000e+02 
 2.34422882e+00  2.98810035e+01  2.34422882e+00  1.80000000e+02 
 2.39883292e+00  2.98810035e+01  2.39883292e+00  1.80000000e+02 
 2.45470892e+00  2.98810035e+01  2.45470892e+00  1.80000000e+02 
 2.51188643e+00  2.98810035e+01  2.51188643e+00  1.80000000e+02 
 2.57039578e+00  2.98810035e+01  2.57039578e+00  1.80000000e+02 
 2.63026799e+00  2.98810035e+01  2.63026799e+00  1.80000000e+02 
 2.69153480e+00  2.98810035e+01  2.69153480e+00  1.80000000e+02 
 2.75422870e+00  2.98810035e+01  2.75422870e+00  1.80000000e+02 
 2.81838293e+00  2.98810035e+01  2.81838293e+00  1.80000000e+02 
 2.88403150e+00  2.98810035e+01  2.88403150e+00  1.80000000e+02 
 2.95120923e+00  2.98810035e+01  2.95120923e+00  1.80000000e+02 
 3.01995172e+00  2.98810035e+01  3.01995172e+00  1.80000000e+02 
 3.09029543e+00  2.98810035e+01  3.09029543e+00  1.80000000e+02 
 3.16227766e+00  2.98810035e+01  3.16227766e+00  1.80000000e+02 
 3.23593657e+00  2.98810035e+01  3.23593657e+00  1.80000000e+02 
 3.31131121e+00  2.98810035e+01  3.31131121e+00  1.80000000e+02 
 3.38844156e+00  2.98810035e+01  3.38844156e+00  1.80000000e+02 
 3.46736850e+00  2.98810035e+01  3.46736850e+00  1.80000000e+02 
 3.54813389e+00  2.98810035e+01  3.54813389e+00  1.80000000e+02 
 3.63078055e+00  2.98810035e+01  3.63078055e+00  1.80000000e+02 
 3.71535229e+00  2.98810035e+01  3.71535229e+00  1.80000000e+02 
 3.80189396e+00  2.98810035e+01  3.80189396e+00  1.80000000e+02 
 3.89045145e+00  2.98810035e+01  3.89045145e+00  1.79999999e+02 
 3.98107171e+00  2.98810035e+01  3.98107171e+00  1.79999999e+02 
 4.07380278e+00  2.98810035e+01  4.07380278e+00  1.79999999e+02 
 4.16869383e+00  2.98810035e+01  4.16869383e+00  1.79999999e+02 
 4.26579519e+00  2.98810035e+01  4.26579519e+00  1.79999999e+02 
 4.36515832e+00  2.98810035e+01  4.36515832e+00  1.79999999e+02 
 4.46683592e+00  2.98810035e+01  4.46683592e+00  1.79999999e+02 
 4.57088190e+00  2.98810035e+01  4.57088190e+00  1.79999999e+02 
 4.67735141e+00  2.98810035e+01  4.67735141e+00  1.79999999e+02 
 4.78630092e+00  2.98810035e+01  4.78630092e+00  1.79999999e+02 
 4.89778819e+00  2.98810035e+01  4.89778819e+00  1.79999999e+02 
 5.01187234e+00  2.98810035e+01  5.01187234e+00  1.79999999e+02 
 5.12861384e+00  2.98810035e+01  5.12861384e+00  1.79999999e+02 
 5.24807460e+00  2.98810035e+01  5.24807460e+00  1.79999999e+02 
 5.37031796e+00  2.98810035e+01  5.37031796e+00  1.79999999e+02 
 5.49540874e+00  2.98810035e+01  5.49540874e+00  1.79999999e+02 
 5.62341325e+00  2.98810035e+01  5.62341325e+00  1.79999999e+02 
 5.75439937e+00  2.98810035e+01  5.75439937e+00  1.79999999e+02 
 5.88843655e+00  2.98810035e+01  5.88843655e+00  1.79999999e+02 
 6.02559586e+00  2.98810035e+01  6.02559586e+00  1.79999999e+02 
 6.16595002e+00  2.98810035e+01  6.16595002e+00  1.79999999e+02 
 6.30957344e+00  2.98810035e+01  6.30957344e+00  1.79999999e+02 
 6.45654229e+00  2.98810035e+01  6.45654229e+00  1.79999999e+02 
 6.60693448e+00  2.98810035e+01  6.60693448e+00  1.79999999e+02 
 6.76082975e+00  2.98810035e+01  6.76082975e+00  1.79999999e+02 
 6.91830971e+00  2.98810035e+01  6.91830971e+00  1.79999999e+02 
 7.07945784e+00  2.98810035e+01  7.07945784e+00  1.79999999e+02 
 7.24435960e+00  2.98810035e+01  7.24435960e+00  1.79999999e+02 
 7.41310241e+00  2.98810035e+01  7.41310241e+00  1.79999999e+02 
 7.58577575e+00  2.98810035e+01  7.58577575e+00  1.79999999e+02 
 7.76247117e+00  2.98810035e+01  7.76247117e+00  1.79999999e+02 
 7.94328235e+00  2.98810035e+01  7.94328235e+00  1.79999999e+02 
 8.12830516e+00  2.98810035e+01  8.12830516e+00  1.79999999e+02 
 8.31763771e+00  2.98810035e+01  8.31763771e+00  1.79999999e+02 
 8.51138038e+00  2.98810035e+01  8.51138038e+00  1.79999999e+02 
 8.70963590e+00  2.98810035e+01  8.70963590e+00  1.79999999e+02 
 8.91250938e+00  2.98810035e+01  8.91250938e+00  1.79999999e+02 
 9.12010839e+00  2.98810035e+01  9.12010839e+00  1.79999999e+02 
 9.33254301e+00  2.98810035e+01  9.33254301e+00  1.79999999e+02 
 9.54992586e+00  2.98810035e+01  9.54992586e+00  1.79999999e+02 
 9.77237221e+00  2.98810035e+01  9.77237221e+00  1.79999999e+02 
 1.00000000e+01  2.98810035e+01  1.00000000e+01  1.79999999e+02 
 1.02329299e+01  2.98810035e+01  1.02329299e+01  1.79999999e+02 
 1.04712855e+01  2.98810035e+01  1.04712855e+01  1.79999999e+02 
 1.07151931e+01  2.98810035e+01  1.07151931e+01  1.79999999e+02 
 1.09647820e+01  2.98810035e+01  1.09647820e+01  1.79999999e+02 
 1.12201845e+01  2.98810035e+01  1.12201845e+01  1.79999999e+02 
 1.14815362e+01  2.98810035e+01  1.14815362e+01  1.79999999e+02 
 1.17489755e+01  2.98810035e+01  1.17489755e+01  1.79999998e+02 
 1.20226443e+01  2.98810035e+01  1.20226443e+01  1.79999998e+02 
 1.23026877e+01  2.98810035e+01  1.23026877e+01  1.79999998e+02 
 1.25892541e+01  2.98810035e+01  1.25892541e+01  1.79999998e+02 
 1.28824955e+01  2.98810035e+01  1.28824955e+01  1.79999998e+02 
 1.31825674e+01  2.98810035e+01  1.31825674e+01  1.79999998e+02 
 1.34896288e+01  2.98810035e+01  1.34896288e+01  1.79999998e+02 
 1.38038426e+01  2.98810035e+01  1.38038426e+01  1.79999998e+02 
 1.41253754e+01  2.98810035e+01  1.41253754e+01  1.79999998e+02 
 1.44543977e+01  2.98810035e+01  1.44543977e+01  1.79999998e+02 
 1.47910839e+01  2.98810035e+01  1.47910839e+01  1.79999998e+02 
 1.51356125e+01  2.98810035e+01  1.51356125e+01  1.79999998e+02 
 1.54881662e+01  2.98810035e+01  1.54881662e+01  1.79999998e+02 
 1.58489319e+01  2.98810035e+01  1.58489319e+01  1.79999998e+02 
 1.62181010e+01  2.98810035e+01  1.62181010e+01  1.79999998e+02 
 1.65958691e+01  2.98810035e+01  1.65958691e+01  1.79999998e+02 
 1.69824365e+01  2.98810035e+01  1.69824365e+01  1.79999998e+02 
 1.73780083e+01  2.98810035e+01  1.73780083e+01  1.79999998e+02 
 1.77827941e+01  2.98810035e+01  1.77827941e+01  1.79999998e+02 
 1.81970086e+01  2.98810035e+01  1.81970086e+01  1.79999998e+02 
 1.86208714e+01  2.98810035e+01  1.86208714e+01  1.79999998e+02 
 1.90546072e+01  2.98810035e+01  1.90546072e+01  1.79999998e+02 
 1.94984460e+01  2.98810035e+01  1.94984460e+01  1.79999997e+02 
 1.99526231e+01  2.98810035e+01  1.99526231e+01  1.79999997e+02 
 2.04173794e+01  2.98810035e+01  2.04173794e+01  1.79999997e+02 
 2.08929613e+01  2.98810035e+01  2.08929613e+01  1.79999997e+02 
 2.13796209e+01  2.98810035e+01  2.13796209e+01  1.79999997e+02 
 2.18776162e+01  2.98810035e+01  2.18776162e+01  1.79999997e+02 
 2.23872114e+01  2.98810035e+01  2.23872114e+01  1.79999997e+02 
 2.29086765e+01  2.98810035e+01  2.29086765e+01  1.79999997e+02 
 2.34422882e+01  2.98810035e+01  2.34422882e+01  1.79999997e+02 
 2.39883292e+01  2.98810035e+01  2.39883292e+01  1.79999997e+02 
 2.45470892e+01  2.98810035e+01  2.45470892e+01  1.79999997e+02 
 2.51188643e+01  2.98810035e+01  2.51188643e+01  1.79999997e+02 
 2.57039578e+01  2.98810035e+01  2.57039578e+01  1.79999997e+02 
 2.63026799e+01  2.98810035e+01  2.63026799e+01  1.79999997e+02 
 2.69153480e+01  2.98810035e+01  2.69153480e+01  1.79999997e+02 
 2.75422870e+01  2.98810035e+01  2.75422870e+01  1.79999996e+02 
 2.81838293e+01  2.98810035e+01  2.81838293e+01  1.79999996e+02 
 2.88403150e+01  2.98810035e+01  2.88403150e+01  1.79999996e+02 
 2.95120923e+01  2.98810035e+01  2.95120923e+01  1.79999996e+02 
 3.01995172e+01  2.98810035e+01  3.01995172e+01  1.79999996e+02 
 3.09029543e+01  2.98810035e+01  3.09029543e+01  1.79999996e+02 
 3.16227766e+01  2.98810035e+01  3.16227766e+01  1.79999996e+02 
 3.23593657e+01  2.98810035e+01  3.23593657e+01  1.79999996e+02 
 3.31131121e+01  2.98810035e+01  3.31131121e+01  1.79999996e+02 
 3.38844156e+01  2.98810035e+01  3.38844156e+01  1.79999996e+02 
 3.46736850e+01  2.98810035e+01  3.46736850e+01  1.79999996e+02 
 3.54813389e+01  2.98810035e+01  3.54813389e+01  1.79999995e+02 
 3.63078055e+01  2.98810035e+01  3.63078055e+01  1.79999995e+02 
 3.71535229e+01  2.98810035e+01  3.71535229e+01  1.79999995e+02 
 3.80189396e+01  2.98810035e+01  3.80189396e+01  1.79999995e+02 
 3.89045145e+01  2.98810035e+01  3.89045145e+01  1.79999995e+02 
 3.98107171e+01  2.98810035e+01  3.98107171e+01  1.79999995e+02 
 4.07380278e+01  2.98810035e+01  4.07380278e+01  1.79999995e+02 
 4.16869383e+01  2.98810035e+01  4.16869383e+01  1.79999995e+02 
 4.26579519e+01  2.98810035e+01  4.26579519e+01  1.79999994e+02 
 4.36515832e+01  2.98810035e+01  4.36515832e+01  1.79999994e+02 
 4.46683592e+01  2.98810035e+01  4.46683592e+01  1.79999994e+02 
 4.57088190e+01  2.98810035e+01  4.57088190e+01  1.79999994e+02 
 4.67735141e+01  2.98810035e+01  4.67735141e+01  1.79999994e+02 
 4.78630092e+01  2.98810035e+01  4.78630092e+01  1.79999994e+02 
 4.89778819e+01  2.98810035e+01  4.89778819e+01  1.79999994e+02 
 5.01187234e+01  2.98810035e+01  5.01187234e+01  1.79999994e+02 
 5.12861384e+01  2.98810035e+01  5.12861384e+01  1.79999993e+02 
 5.24807460e+01  2.98810035e+01  5.24807460e+01  1.79999993e+02 
 5.37031796e+01  2.98810035e+01  5.37031796e+01  1.79999993e+02 
 5.49540874e+01  2.98810035e+01  5.49540874e+01  1.79999993e+02 
 5.62341325e+01  2.98810035e+01  5.62341325e+01  1.79999993e+02 
 5.75439937e+01  2.98810035e+01  5.75439937e+01  1.79999993e+02 
 5.88843655e+01  2.98810035e+01  5.88843655e+01  1.79999992e+02 
 6.02559586e+01  2.98810035e+01  6.02559586e+01  1.79999992e+02 
 6.16595002e+01  2.98810035e+01  6.16595002e+01  1.79999992e+02 
 6.30957344e+01  2.98810035e+01  6.30957344e+01  1.79999992e+02 
 6.45654229e+01  2.98810035e+01  6.45654229e+01  1.79999992e+02 
 6.60693448e+01  2.98810035e+01  6.60693448e+01  1.79999991e+02 
 6.76082975e+01  2.98810035e+01  6.76082975e+01  1.79999991e+02 
 6.91830971e+01  2.98810035e+01  6.91830971e+01  1.79999991e+02 
 7.07945784e+01  2.98810035e+01  7.07945784e+01  1.79999991e+02 
 7.24435960e+01  2.98810035e+01  7.24435960e+01  1.79999991e+02 
 7.41310241e+01  2.98810035e+01  7.41310241e+01  1.79999990e+02 
 7.58577575e+01  2.98810035e+01  7.58577575e+01  1.79999990e+02 
 7.76247117e+01  2.98810035e+01  7.76247117e+01  1.79999990e+02 
 7.94328235e+01  2.98810035e+01  7.94328235e+01  1.79999990e+02 
 8.12830516e+01  2.98810035e+01  8.12830516e+01  1.79999989e+02 
 8.31763771e+01  2.98810035e+01  8.31763771e+01  1.79999989e+02 
 8.51138038e+01  2.98810035e+01  8.51138038e+01  1.79999989e+02 
 8.70963590e+01  2.98810035e+01  8.70963590e+01  1.79999989e+02 
 8.91250938e+01  2.98810035e+01  8.91250938e+01  1.79999988e+02 
 9.12010839e+01  2.98810035e+01  9.12010839e+01  1.79999988e+02 
 9.33254301e+01  2.98810035e+01  9.33254301e+01  1.79999988e+02 
 9.54992586e+01  2.98810035e+01  9.54992586e+01  1.79999988e+02 
 9.77237221e+01  2.98810035e+01  9.77237221e+01  1.79999987e+02 
 1.00000000e+02  2.98810035e+01  1.00000000e+02  1.79999987e+02 
 1.02329299e+02  2.98810035e+01  1.02329299e+02  1.79999987e+02 
 1.04712855e+02  2.98810035e+01  1.04712855e+02  1.79999986e+02 
 1.07151931e+02  2.98810035e+01  1.07151931e+02  1.79999986e+02 
 1.09647820e+02  2.98810035e+01  1.09647820e+02  1.79999986e+02 
 1.12201845e+02  2.98810035e+01  1.12201845e+02  1.79999985e+02 
 1.14815362e+02  2.98810035e+01  1.14815362e+02  1.79999985e+02 
 1.17489755e+02  2.98810035e+01  1.17489755e+02  1.79999985e+02 
 1.20226443e+02  2.98810035e+01  1.20226443e+02  1.79999984e+02 
 1.23026877e+02  2.98810035e+01  1.23026877e+02  1.79999984e+02 
 1.25892541e+02  2.98810035e+01  1.25892541e+02  1.79999984e+02 
 1.28824955e+02  2.98810035e+01  1.28824955e+02  1.79999983e+02 
 1.31825674e+02  2.98810035e+01  1.31825674e+02  1.79999983e+02 
 1.34896288e+02  2.98810035e+01  1.34896288e+02  1.79999983e+02 
 1.38038426e+02  2.98810035e+01  1.38038426e+02  1.79999982e+02 
 1.41253754e+02  2.98810035e+01  1.41253754e+02  1.79999982e+02 
 1.44543977e+02  2.98810035e+01  1.44543977e+02  1.79999981e+02 
 1.47910839e+02  2.98810035e+01  1.47910839e+02  1.79999981e+02 
 1.51356125e+02  2.98810035e+01  1.51356125e+02  1.79999980e+02 
 1.54881662e+02  2.98810035e+01  1.54881662e+02  1.79999980e+02 
 1.58489319e+02  2.98810035e+01  1.58489319e+02  1.79999980e+02 
 1.62181010e+02  2.98810035e+01  1.62181010e+02  1.79999979e+02 
 1.65958691e+02  2.98810035e+01  1.65958691e+02  1.79999979e+02 
 1.69824365e+02  2.98810035e+01  1.69824365e+02  1.79999978e+02 
 1.73780083e+02  2.98810035e+01  1.73780083e+02  1.79999978e+02 
 1.77827941e+02  2.98810035e+01  1.77827941e+02  1.79999977e+02 
 1.81970086e+02  2.98810035e+01  1.81970086e+02  1.79999976e+02 
 1.86208714e+02  2.98810035e+01  1.86208714e+02  1.79999976e+02 
 1.90546072e+02  2.98810035e+01  1.90546072e+02  1.79999975e+02 
 1.94984460e+02  2.98810035e+01  1.94984460e+02  1.79999975e+02 
 1.99526231e+02  2.98810035e+01  1.99526231e+02  1.79999974e+02 
 2.04173794e+02  2.98810035e+01  2.04173794e+02  1.79999974e+02 
 2.08929613e+02  2.98810035e+01  2.08929613e+02  1.79999973e+02 
 2.13796209e+02  2.98810035e+01  2.13796209e+02  1.79999972e+02 
 2.18776162e+02  2.98810035e+01  2.18776162e+02  1.79999972e+02 
 2.23872114e+02  2.98810035e+01  2.23872114e+02  1.79999971e+02 
 2.29086765e+02  2.98810035e+01  2.29086765e+02  1.79999970e+02 
 2.34422882e+02  2.98810035e+01  2.34422882e+02  1.79999970e+02 
 2.39883292e+02  2.98810035e+01  2.39883292e+02  1.79999969e+02 
 2.45470892e+02  2.98810035e+01  2.45470892e+02  1.79999968e+02 
 2.51188643e+02  2.98810035e+01  2.51188643e+02  1.79999968e+02 
 2.57039578e+02  2.98810035e+01  2.57039578e+02  1.79999967e+02 
 2.63026799e+02  2.98810035e+01  2.63026799e+02  1.79999966e+02 
 2.69153480e+02  2.98810035e+01  2.69153480e+02  1.79999965e+02 
 2.75422870e+02  2.98810035e+01  2.75422870e+02  1.79999964e+02 
 2.81838293e+02  2.98810035e+01  2.81838293e+02  1.79999964e+02 
 2.88403150e+02  2.98810035e+01  2.88403150e+02  1.79999963e+02 
 2.95120923e+02  2.98810035e+01  2.95120923e+02  1.79999962e+02 
 3.01995172e+02  2.98810035e+01  3.01995172e+02  1.79999961e+02 
 3.09029543e+02  2.98810035e+01  3.09029543e+02  1.79999960e+02 
 3.16227766e+02  2.98810035e+01  3.16227766e+02  1.79999959e+02 
 3.23593657e+02  2.98810035e+01  3.23593657e+02  1.79999958e+02 
 3.31131121e+02  2.98810035e+01  3.31131121e+02  1.79999957e+02 
 3.38844156e+02  2.98810035e+01  3.38844156e+02  1.79999956e+02 
 3.46736850e+02  2.98810035e+01  3.46736850e+02  1.79999955e+02 
 3.54813389e+02  2.98810035e+01  3.54813389e+02  1.79999954e+02 
 3.63078055e+02  2.98810035e+01  3.63078055e+02  1.79999953e+02 
 3.71535229e+02  2.98810035e+01  3.71535229e+02  1.79999952e+02 
 3.80189396e+02  2.98810035e+01  3.80189396e+02  1.79999951e+02 
 3.89045145e+02  2.98810035e+01  3.89045145e+02  1.79999950e+02 
 3.98107171e+02  2.98810035e+01  3.98107171e+02  1.79999949e+02 
 4.07380278e+02  2.98810035e+01  4.07380278e+02  1.79999947e+02 
 4.16869383e+02  2.98810035e+01  4.16869383e+02  1.79999946e+02 
 4.26579519e+02  2.98810035e+01  4.26579519e+02  1.79999945e+02 
 4.36515832e+02  2.98810035e+01  4.36515832e+02  1.79999944e+02 
 4.46683592e+02  2.98810035e+01  4.46683592e+02  1.79999942e+02 
 4.57088190e+02  2.98810035e+01  4.57088190e+02  1.79999941e+02 
 4.67735141e+02  2.98810035e+01  4.67735141e+02  1.79999940e+02 
 4.78630092e+02  2.98810035e+01  4.78630092e+02  1.79999938e+02 
 4.89778819e+02  2.98810035e+01  4.89778819e+02  1.79999937e+02 
 5.01187234e+02  2.98810035e+01  5.01187234e+02  1.79999935e+02 
 5.12861384e+02  2.98810035e+01  5.12861384e+02  1.79999934e+02 
 5.24807460e+02  2.98810035e+01  5.24807460e+02  1.79999932e+02 
 5.37031796e+02  2.98810035e+01  5.37031796e+02  1.79999931e+02 
 5.49540874e+02  2.98810035e+01  5.49540874e+02  1.79999929e+02 
 5.62341325e+02  2.98810035e+01  5.62341325e+02  1.79999927e+02 
 5.75439937e+02  2.98810035e+01  5.75439937e+02  1.79999926e+02 
 5.88843655e+02  2.98810035e+01  5.88843655e+02  1.79999924e+02 
 6.02559586e+02  2.98810035e+01  6.02559586e+02  1.79999922e+02 
 6.16595002e+02  2.98810035e+01  6.16595002e+02  1.79999920e+02 
 6.30957344e+02  2.98810035e+01  6.30957344e+02  1.79999918e+02 
 6.45654229e+02  2.98810035e+01  6.45654229e+02  1.79999917e+02 
 6.60693448e+02  2.98810035e+01  6.60693448e+02  1.79999915e+02 
 6.76082975e+02  2.98810035e+01  6.76082975e+02  1.79999913e+02 
 6.91830971e+02  2.98810035e+01  6.91830971e+02  1.79999911e+02 
 7.07945784e+02  2.98810035e+01  7.07945784e+02  1.79999908e+02 
 7.24435960e+02  2.98810035e+01  7.24435960e+02  1.79999906e+02 
 7.41310241e+02  2.98810035e+01  7.41310241e+02  1.79999904e+02 
 7.58577575e+02  2.98810035e+01  7.58577575e+02  1.79999902e+02 
 7.76247117e+02  2.98810035e+01  7.76247117e+02  1.79999900e+02 
 7.94328235e+02  2.98810035e+01  7.94328235e+02  1.79999897e+02 
 8.12830516e+02  2.98810035e+01  8.12830516e+02  1.79999895e+02 
 8.31763771e+02  2.98810035e+01  8.31763771e+02  1.79999892e+02 
 8.51138038e+02  2.98810035e+01  8.51138038e+02  1.79999890e+02 
 8.70963590e+02  2.98810035e+01  8.70963590e+02  1.79999887e+02 
 8.91250938e+02  2.98810035e+01  8.91250938e+02  1.79999885e+02 
 9.12010839e+02  2.98810035e+01  9.12010839e+02  1.79999882e+02 
 9.33254301e+02  2.98810035e+01  9.33254301e+02  1.79999879e+02 
 9.54992586e+02  2.98810035e+01  9.54992586e+02  1.79999877e+02 
 9.77237221e+02  2.98810035e+01  9.77237221e+02  1.79999874e+02 
 1.00000000e+03  2.98810035e+01  1.00000000e+03  1.79999871e+02 
 1.02329299e+03  2.98810035e+01  1.02329299e+03  1.79999868e+02 
 1.04712855e+03  2.98810035e+01  1.04712855e+03  1.79999865e+02 
 1.07151931e+03  2.98810035e+01  1.07151931e+03  1.79999861e+02 
 1.09647820e+03  2.98810035e+01  1.09647820e+03  1.79999858e+02 
 1.12201845e+03  2.98810035e+01  1.12201845e+03  1.79999855e+02 
 1.14815362e+03  2.98810035e+01  1.14815362e+03  1.79999852e+02 
 1.17489755e+03  2.98810035e+01  1.17489755e+03  1.79999848e+02 
 1.20226443e+03  2.98810035e+01  1.20226443e+03  1.79999845e+02 
 1.23026877e+03  2.98810035e+01  1.23026877e+03  1.79999841e+02 
 1.25892541e+03  2.98810035e+01  1.25892541e+03  1.79999837e+02 
 1.28824955e+03  2.98810035e+01  1.28824955e+03  1.79999833e+02 
 1.31825674e+03  2.98810035e+01  1.31825674e+03  1.79999830e+02 
 1.34896288e+03  2.98810035e+01  1.34896288e+03  1.79999826e+02 
 1.38038426e+03  2.98810035e+01  1.38038426e+03  1.79999822e+02 
 1.41253754e+03  2.98810035e+01  1.41253754e+03  1.79999817e+02 
 1.44543977e+03  2.98810035e+01  1.44543977e+03  1.79999813e+02 
 1.47910839e+03  2.98810035e+01  1.47910839e+03  1.79999809e+02 
 1.51356125e+03  2.98810035e+01  1.51356125e+03  1.79999804e+02 
 1.54881662e+03  2.98810035e+01  1.54881662e+03  1.79999800e+02 
 1.58489319e+03  2.98810035e+01  1.58489319e+03  1.79999795e+02 
 1.62181010e+03  2.98810035e+01  1.62181010e+03  1.79999790e+02 
 1.65958691e+03  2.98810035e+01  1.65958691e+03  1.79999785e+02 
 1.69824365e+03  2.98810035e+01  1.69824365e+03  1.79999780e+02 
 1.73780083e+03  2.98810035e+01  1.73780083e+03  1.79999775e+02 
 1.77827941e+03  2.98810035e+01  1.77827941e+03  1.79999770e+02 
 1.81970086e+03  2.98810035e+01  1.81970086e+03  1.79999765e+02 
 1.86208714e+03  2.98810035e+01  1.86208714e+03  1.79999759e+02 
 1.90546072e+03  2.98810035e+01  1.90546072e+03  1.79999754e+02 
 1.94984460e+03  2.98810035e+01  1.94984460e+03  1.79999748e+02 
 1.99526231e+03  2.98810035e+01  1.99526231e+03  1.79999742e+02 
 2.04173794e+03  2.98810035e+01  2.04173794e+03  1.79999736e+02 
 2.08929613e+03  2.98810035e+01  2.08929613e+03  1.79999730e+02 
 2.13796209e+03  2.98810035e+01  2.13796209e+03  1.79999724e+02 
 2.18776162e+03  2.98810035e+01  2.18776162e+03  1.79999717e+02 
 2.23872114e+03  2.98810035e+01  2.23872114e+03  1.79999711e+02 
 2.29086765e+03  2.98810035e+01  2.29086765e+03  1.79999704e+02 
 2.34422882e+03  2.98810035e+01  2.34422882e+03  1.79999697e+02 
 2.39883292e+03  2.98810035e+01  2.39883292e+03  1.79999690e+02 
 2.45470892e+03  2.98810035e+01  2.45470892e+03  1.79999683e+02 
 2.51188643e+03  2.98810035e+01  2.51188643e+03  1.79999675e+02 
 2.57039578e+03  2.98810035e+01  2.57039578e+03  1.79999668e+02 
 2.63026799e+03  2.98810035e+01  2.63026799e+03  1.79999660e+02 
 2.69153480e+03  2.98810035e+01  2.69153480e+03  1.79999652e+02 
 2.75422870e+03  2.98810035e+01  2.75422870e+03  1.79999644e+02 
 2.81838293e+03  2.98810035e+01  2.81838293e+03  1.79999636e+02 
 2.88403150e+03  2.98810035e+01  2.88403150e+03  1.79999627e+02 
 2.95120923e+03  2.98810035e+01  2.95120923e+03  1.79999619e+02 
 3.01995172e+03  2.98810035e+01  3.01995172e+03  1.79999610e+02 
 3.09029543e+03  2.98810035e+01  3.09029543e+03  1.79999601e+02 
 3.16227766e+03  2.98810035e+01  3.16227766e+03  1.79999591e+02 
 3.23593657e+03  2.98810035e+01  3.23593657e+03  1.79999582e+02 
 3.31131121e+03  2.98810035e+01  3.31131121e+03  1.79999572e+02 
 3.38844156e+03  2.98810035e+01  3.38844156e+03  1.79999562e+02 
 3.46736850e+03  2.98810035e+01  3.46736850e+03  1.79999552e+02 
 3.54813389e+03  2.98810035e+01  3.54813389e+03  1.79999541e+02 
 3.63078055e+03  2.98810035e+01  3.63078055e+03  1.79999531e+02 
 3.71535229e+03  2.98810035e+01  3.71535229e+03  1.79999520e+02 
 3.80189396e+03  2.98810035e+01  3.80189396e+03  1.79999509e+02 
 3.89045145e+03  2.98810035e+01  3.89045145e+03  1.79999497e+02 
 3.98107171e+03  2.98810035e+01  3.98107171e+03  1.79999485e+02 
 4.07380278e+03  2.98810035e+01  4.07380278e+03  1.79999473e+02 
 4.16869383e+03  2.98810035e+01  4.16869383e+03  1.79999461e+02 
 4.26579519e+03  2.98810035e+01  4.26579519e+03  1.79999449e+02 
 4.36515832e+03  2.98810035e+01  4.36515832e+03  1.79999436e+02 
 4.46683592e+03  2.98810035e+01  4.46683592e+03  1.79999423e+02 
 4.57088190e+03  2.98810035e+01  4.57088190e+03  1.79999409e+02 
 4.67735141e+03  2.98810035e+01  4.67735141e+03  1.79999395e+02 
 4.78630092e+03  2.98810035e+01  4.78630092e+03  1.79999381e+02 
 4.89778819e+03  2.98810035e+01  4.89778819e+03  1.79999367e+02 
 5.01187234e+03  2.98810035e+01  5.01187234e+03  1.79999352e+02 
 5.12861384e+03  2.98810035e+01  5.12861384e+03  1.79999337e+02 
 5.24807460e+03  2.98810035e+01  5.24807460e+03  1.79999322e+02 
 5.37031796e+03  2.98810035e+01  5.37031796e+03  1.79999306e+02 
 5.49540874e+03  2.98810035e+01  5.49540874e+03  1.79999290e+02 
 5.62341325e+03  2.98810035e+01  5.62341325e+03  1.79999273e+02 
 5.75439937e+03  2.98810035e+01  5.75439937e+03  1.79999256e+02 
 5.88843655e+03  2.98810035e+01  5.88843655e+03  1.79999239e+02 
 6.02559586e+03  2.98810035e+01  6.02559586e+03  1.79999221e+02 
 6.16595002e+03  2.98810035e+01  6.16595002e+03  1.79999203e+02 
 6.30957344e+03  2.98810035e+01  6.30957344e+03  1.79999184e+02 
 6.45654229e+03  2.98810035e+01  6.45654229e+03  1.79999165e+02 
 6.60693448e+03  2.98810035e+01  6.60693448e+03  1.79999146e+02 
 6.76082975e+03  2.98810035e+01  6.76082975e+03  1.79999126e+02 
 6.91830971e+03  2.98810035e+01  6.91830971e+03  1.79999106e+02 
 7.07945784e+03  2.98810035e+01  7.07945784e+03  1.79999085e+02 
 7.24435960e+03  2.98810035e+01  7.24435960e+03  1.79999064e+02 
 7.41310241e+03  2.98810035e+01  7.41310241e+03  1.79999042e+02 
 7.58577575e+03  2.98810035e+01  7.58577575e+03  1.79999019e+02 
 7.76247117e+03  2.98810035e+01  7.76247117e+03  1.79998997e+02 
 7.94328235e+03  2.98810035e+01  7.94328235e+03  1.79998973e+02 
 8.12830516e+03  2.98810035e+01  8.12830516e+03  1.79998949e+02 
 8.31763771e+03  2.98810035e+01  8.31763771e+03  1.79998925e+02 
 8.51138038e+03  2.98810035e+01  8.51138038e+03  1.79998900e+02 
 8.70963590e+03  2.98810035e+01  8.70963590e+03  1.79998874e+02 
 8.91250938e+03  2.98810035e+01  8.91250938e+03  1.79998848e+02 
 9.12010839e+03  2.98810035e+01  9.12010839e+03  1.79998821e+02 
 9.33254301e+03  2.98810035e+01  9.33254301e+03  1.79998794e+02 
 9.54992586e+03  2.98810035e+01  9.54992586e+03  1.79998766e+02 
 9.77237221e+03  2.98810035e+01  9.77237221e+03  1.79998737e+02 
 1.00000000e+04  2.98810035e+01  1.00000000e+04  1.79998707e+02 
 1.02329299e+04  2.98810035e+01  1.02329299e+04  1.79998677e+02 
 1.04712855e+04  2.98810035e+01  1.04712855e+04  1.79998646e+02 
 1.07151931e+04  2.98810035e+01  1.07151931e+04  1.79998615e+02 
 1.09647820e+04  2.98810035e+01  1.09647820e+04  1.79998583e+02 
 1.12201845e+04  2.98810035e+01  1.12201845e+04  1.79998550e+02 
 1.14815362e+04  2.98810035e+01  1.14815362e+04  1.79998516e+02 
 1.17489755e+04  2.98810035e+01  1.17489755e+04  1.79998481e+02 
 1.20226443e+04  2.98810035e+01  1.20226443e+04  1.79998446e+02 
 1.23026877e+04  2.98810035e+01  1.23026877e+04  1.79998410e+02 
 1.25892541e+04  2.98810035e+01  1.25892541e+04  1.79998373e+02 
 1.28824955e+04  2.98810035e+01  1.28824955e+04  1.79998335e+02 
 1.31825674e+04  2.98810035e+01  1.31825674e+04  1.79998296e+02 
 1.34896288e+04  2.98810035e+01  1.34896288e+04  1.79998256e+02 
 1.38038426e+04  2.98810035e+01  1.38038426e+04  1.79998216e+02 
 1.41253754e+04  2.98810035e+01  1.41253754e+04  1.79998174e+02 
 1.44543977e+04  2.98810035e+01  1.44543977e+04  1.79998132e+02 
 1.47910839e+04  2.98810035e+01  1.47910839e+04  1.79998088e+02 
 1.51356125e+04  2.98810035e+01  1.51356125e+04  1.79998044e+02 
 1.54881662e+04  2.98810035e+01  1.54881662e+04  1.79997998e+02 
 1.58489319e+04  2.98810035e+01  1.58489319e+04  1.79997951e+02 
 1.62181010e+04  2.98810035e+01  1.62181010e+04  1.79997904e+02 
 1.65958691e+04  2.98810035e+01  1.65958691e+04  1.79997855e+02 
 1.69824365e+04  2.98810035e+01  1.69824365e+04  1.79997805e+02 
 1.73780083e+04  2.98810035e+01  1.73780083e+04  1.79997754e+02 
 1.77827941e+04  2.98810035e+01  1.77827941e+04  1.79997701e+02 
 1.81970086e+04  2.98810035e+01  1.81970086e+04  1.79997648e+02 
 1.86208714e+04  2.98810035e+01  1.86208714e+04  1.79997593e+02 
 1.90546072e+04  2.98810035e+01  1.90546072e+04  1.79997537e+02 
 1.94984460e+04  2.98810035e+01  1.94984460e+04  1.79997480e+02 
 1.99526231e+04  2.98810035e+01  1.99526231e+04  1.79997421e+02 
 2.04173794e+04  2.98810035e+01  2.04173794e+04  1.79997361e+02 
 2.08929613e+04  2.98810035e+01  2.08929613e+04  1.79997299e+02 
 2.13796209e+04  2.98810035e+01  2.13796209e+04  1.79997236e+02 
 2.18776162e+04  2.98810035e+01  2.18776162e+04  1.79997172e+02 
 2.23872114e+04  2.98810035e+01  2.23872114e+04  1.79997106e+02 
 2.29086765e+04  2.98810035e+01  2.29086765e+04  1.79997039e+02 
 2.34422882e+04  2.98810035e+01  2.34422882e+04  1.79996970e+02 
 2.39883292e+04  2.98810035e+01  2.39883292e+04  1.79996899e+02 
 2.45470892e+04  2.98810035e+01  2.45470892e+04  1.79996827e+02 
 2.51188643e+04  2.98810035e+01  2.51188643e+04  1.79996753e+02 
 2.57039578e+04  2.98810035e+01  2.57039578e+04  1.79996677e+02 
 2.63026799e+04  2.98810035e+01  2.63026799e+04  1.79996600e+02 
 2.69153480e+04  2.98810035e+01  2.69153480e+04  1.79996521e+02 
 2.75422870e+04  2.98810035e+01  2.75422870e+04  1.79996440e+02 
 2.81838293e+04  2.98810035e+01  2.81838293e+04  1.79996357e+02 
 2.88403150e+04  2.98810035e+01  2.88403150e+04  1.79996272e+02 
 2.95120923e+04  2.98810035e+01  2.95120923e+04  1.79996185e+02 
 3.01995172e+04  2.98810035e+01  3.01995172e+04  1.79996096e+02 
 3.09029543e+04  2.98810035e+01  3.09029543e+04  1.79996005e+02 
 3.16227766e+04  2.98810035e+01  3.16227766e+04  1.79995912e+02 
 3.23593657e+04  2.98810035e+01  3.23593657e+04  1.79995817e+02 
 3.31131121e+04  2.98810035e+01  3.31131121e+04  1.79995720e+02 
 3.38844156e+04  2.98810035e+01  3.38844156e+04  1.79995620e+02 
 3.46736850e+04  2.98810035e+01  3.46736850e+04  1.79995518e+02 
 3.54813389e+04  2.98810035e+01  3.54813389e+04  1.79995414e+02 
 3.63078055e+04  2.98810035e+01  3.63078055e+04  1.79995307e+02 
 3.71535229e+04  2.98810035e+01  3.71535229e+04  1.79995197e+02 
 3.80189396e+04  2.98810035e+01  3.80189396e+04  1.79995086e+02 
 3.89045145e+04  2.98810035e+01  3.89045145e+04  1.79994971e+02 
 3.98107171e+04  2.98810035e+01  3.98107171e+04  1.79994854e+02 
 4.07380278e+04  2.98810035e+01  4.07380278e+04  1.79994734e+02 
 4.16869383e+04  2.98810035e+01  4.16869383e+04  1.79994611e+02 
 4.26579519e+04  2.98810035e+01  4.26579519e+04  1.79994486e+02 
 4.36515832e+04  2.98810035e+01  4.36515832e+04  1.79994358e+02 
 4.46683592e+04  2.98810035e+01  4.46683592e+04  1.79994226e+02 
 4.57088190e+04  2.98810035e+01  4.57088190e+04  1.79994092e+02 
 4.67735141e+04  2.98810035e+01  4.67735141e+04  1.79993954e+02 
 4.78630092e+04  2.98810035e+01  4.78630092e+04  1.79993813e+02 
 4.89778819e+04  2.98810035e+01  4.89778819e+04  1.79993669e+02 
 5.01187234e+04  2.98810035e+01  5.01187234e+04  1.79993522e+02 
 5.12861384e+04  2.98810034e+01  5.12861384e+04  1.79993371e+02 
 5.24807460e+04  2.98810034e+01  5.24807460e+04  1.79993216e+02 
 5.37031796e+04  2.98810034e+01  5.37031796e+04  1.79993058e+02 
 5.49540874e+04  2.98810034e+01  5.49540874e+04  1.79992897e+02 
 5.62341325e+04  2.98810034e+01  5.62341325e+04  1.79992731e+02 
 5.75439937e+04  2.98810034e+01  5.75439937e+04  1.79992562e+02 
 5.88843655e+04  2.98810034e+01  5.88843655e+04  1.79992388e+02 
 6.02559586e+04  2.98810034e+01  6.02559586e+04  1.79992211e+02 
 6.16595002e+04  2.98810034e+01  6.16595002e+04  1.79992030e+02 
 6.30957344e+04  2.98810034e+01  6.30957344e+04  1.79991844e+02 
 6.45654229e+04  2.98810034e+01  6.45654229e+04  1.79991654e+02 
 6.60693448e+04  2.98810034e+01  6.60693448e+04  1.79991460e+02 
 6.76082975e+04  2.98810034e+01  6.76082975e+04  1.79991261e+02 
 6.91830971e+04  2.98810034e+01  6.91830971e+04  1.79991057e+02 
 7.07945784e+04  2.98810034e+01  7.07945784e+04  1.79990849e+02 
 7.24435960e+04  2.98810034e+01  7.24435960e+04  1.79990636e+02 
 7.41310241e+04  2.98810034e+01  7.41310241e+04  1.79990418e+02 
 7.58577575e+04  2.98810034e+01  7.58577575e+04  1.79990194e+02 
 7.76247117e+04  2.98810034e+01  7.76247117e+04  1.79989966e+02 
 7.94328235e+04  2.98810034e+01  7.94328235e+04  1.79989732e+02 
 8.12830516e+04  2.98810034e+01  8.12830516e+04  1.79989493e+02 
 8.31763771e+04  2.98810033e+01  8.31763771e+04  1.79989248e+02 
 8.51138038e+04  2.98810033e+01  8.51138038e+04  1.79988998e+02 
 8.70963590e+04  2.98810033e+01  8.70963590e+04  1.79988742e+02 
 8.91250938e+04  2.98810033e+01  8.91250938e+04  1.79988480e+02 
 9.12010839e+04  2.98810033e+01  9.12010839e+04  1.79988211e+02 
 9.33254301e+04  2.98810033e+01  9.33254301e+04  1.79987937e+02 
 9.54992586e+04  2.98810033e+01  9.54992586e+04  1.79987656e+02 
 9.77237221e+04  2.98810033e+01  9.77237221e+04  1.79987368e+02 
 1.00000000e+05  2.98810033e+01  1.00000000e+05  1.79987074e+02 
 1.02329299e+05  2.98810033e+01  1.02329299e+05  1.79986773e+02 
 1.04712855e+05  2.98810033e+01  1.04712855e+05  1.79986465e+02 
 1.07151931e+05  2.98810032e+01  1.07151931e+05  1.79986149e+02 
 1.09647820e+05  2.98810032e+01  1.09647820e+05  1.79985827e+02 
 1.12201845e+05  2.98810032e+01  1.12201845e+05  1.79985497e+02 
 1.14815362e+05  2.98810032e+01  1.14815362e+05  1.79985159e+02 
 1.17489755e+05  2.98810032e+01  1.17489755e+05  1.79984813e+02 
 1.20226443e+05  2.98810032e+01  1.20226443e+05  1.79984459e+02 
 1.23026877e+05  2.98810032e+01  1.23026877e+05  1.79984097e+02 
 1.25892541e+05  2.98810031e+01  1.25892541e+05  1.79983727e+02 
 1.28824955e+05  2.98810031e+01  1.28824955e+05  1.79983348e+02 
 1.31825674e+05  2.98810031e+01  1.31825674e+05  1.79982960e+02 
 1.34896288e+05  2.98810031e+01  1.34896288e+05  1.79982563e+02 
 1.38038426e+05  2.98810031e+01  1.38038426e+05  1.79982157e+02 
 1.41253754e+05  2.98810030e+01  1.41253754e+05  1.79981741e+02 
 1.44543977e+05  2.98810030e+01  1.44543977e+05  1.79981316e+02 
 1.47910839e+05  2.98810030e+01  1.47910839e+05  1.79980881e+02 
 1.51356125e+05  2.98810030e+01  1.51356125e+05  1.79980435e+02 
 1.54881662e+05  2.98810029e+01  1.54881662e+05  1.79979980e+02 
 1.58489319e+05  2.98810029e+01  1.58489319e+05  1.79979513e+02 
 1.62181010e+05  2.98810029e+01  1.62181010e+05  1.79979036e+02 
 1.65958691e+05  2.98810029e+01  1.65958691e+05  1.79978548e+02 
 1.69824365e+05  2.98810028e+01  1.69824365e+05  1.79978048e+02 
 1.73780083e+05  2.98810028e+01  1.73780083e+05  1.79977537e+02 
 1.77827941e+05  2.98810028e+01  1.77827941e+05  1.79977014e+02 
 1.81970086e+05  2.98810027e+01  1.81970086e+05  1.79976478e+02 
 1.86208714e+05  2.98810027e+01  1.86208714e+05  1.79975930e+02 
 1.90546072e+05  2.98810027e+01  1.90546072e+05  1.79975370e+02 
 1.94984460e+05  2.98810026e+01  1.94984460e+05  1.79974796e+02 
 1.99526231e+05  2.98810026e+01  1.99526231e+05  1.79974209e+02 
 2.04173794e+05  2.98810025e+01  2.04173794e+05  1.79973608e+02 
 2.08929613e+05  2.98810025e+01  2.08929613e+05  1.79972993e+02 
 2.13796209e+05  2.98810024e+01  2.13796209e+05  1.79972364e+02 
 2.18776162e+05  2.98810024e+01  2.18776162e+05  1.79971721e+02 
 2.23872114e+05  2.98810023e+01  2.23872114e+05  1.79971062e+02 
 2.29086765e+05  2.98810023e+01  2.29086765e+05  1.79970388e+02 
 2.34422882e+05  2.98810022e+01  2.34422882e+05  1.79969698e+02 
 2.39883292e+05  2.98810022e+01  2.39883292e+05  1.79968992e+02 
 2.45470892e+05  2.98810021e+01  2.45470892e+05  1.79968270e+02 
 2.51188643e+05  2.98810020e+01  2.51188643e+05  1.79967531e+02 
 2.57039578e+05  2.98810020e+01  2.57039578e+05  1.79966775e+02 
 2.63026799e+05  2.98810019e+01  2.63026799e+05  1.79966001e+02 
 2.69153480e+05  2.98810018e+01  2.69153480e+05  1.79965209e+02 
 2.75422870e+05  2.98810017e+01  2.75422870e+05  1.79964398e+02 
 2.81838293e+05  2.98810016e+01  2.81838293e+05  1.79963569e+02 
 2.88403150e+05  2.98810016e+01  2.88403150e+05  1.79962720e+02 
 2.95120923e+05  2.98810015e+01  2.95120923e+05  1.79961852e+02 
 3.01995172e+05  2.98810014e+01  3.01995172e+05  1.79960964e+02 
 3.09029543e+05  2.98810013e+01  3.09029543e+05  1.79960054e+02 
 3.16227766e+05  2.98810012e+01  3.16227766e+05  1.79959124e+02 
 3.23593657e+05  2.98810011e+01  3.23593657e+05  1.79958172e+02 
 3.31131121e+05  2.98810009e+01  3.31131121e+05  1.79957197e+02 
 3.38844156e+05  2.98810008e+01  3.38844156e+05  1.79956200e+02 
 3.46736850e+05  2.98810007e+01  3.46736850e+05  1.79955180e+02 
 3.54813389e+05  2.98810006e+01  3.54813389e+05  1.79954136e+02 
 3.63078055e+05  2.98810004e+01  3.63078055e+05  1.79953068e+02 
 3.71535229e+05  2.98810003e+01  3.71535229e+05  1.79951975e+02 
 3.80189396e+05  2.98810001e+01  3.80189396e+05  1.79950856e+02 
 3.89045145e+05  2.98810000e+01  3.89045145e+05  1.79949711e+02 
 3.98107171e+05  2.98809998e+01  3.98107171e+05  1.79948540e+02 
 4.07380278e+05  2.98809996e+01  4.07380278e+05  1.79947341e+02 
 4.16869383e+05  2.98809994e+01  4.16869383e+05  1.79946115e+02 
 4.26579519e+05  2.98809992e+01  4.26579519e+05  1.79944860e+02 
 4.36515832e+05  2.98809990e+01  4.36515832e+05  1.79943575e+02 
 4.46683592e+05  2.98809988e+01  4.46683592e+05  1.79942261e+02 
 4.57088190e+05  2.98809986e+01  4.57088190e+05  1.79940916e+02 
 4.67735141e+05  2.98809984e+01  4.67735141e+05  1.79939540e+02 
 4.78630092e+05  2.98809981e+01  4.78630092e+05  1.79938131e+02 
 4.89778819e+05  2.98809979e+01  4.89778819e+05  1.79936690e+02 
 5.01187234e+05  2.98809976e+01  5.01187234e+05  1.79935216e+02 
 5.12861384e+05  2.98809973e+01  5.12861384e+05  1.79933707e+02 
 5.24807460e+05  2.98809970e+01  5.24807460e+05  1.79932162e+02 
 5.37031796e+05  2.98809967e+01  5.37031796e+05  1.79930582e+02 
 5.49540874e+05  2.98809964e+01  5.49540874e+05  1.79928965e+02 
 5.62341325e+05  2.98809961e+01  5.62341325e+05  1.79927311e+02 
 5.75439937e+05  2.98809957e+01  5.75439937e+05  1.79925618e+02 
 5.88843655e+05  2.98809954e+01  5.88843655e+05  1.79923885e+02 
 6.02559586e+05  2.98809950e+01  6.02559586e+05  1.79922112e+02 
 6.16595002e+05  2.98809946e+01  6.16595002e+05  1.79920298e+02 
 6.30957344e+05  2.98809942e+01  6.30957344e+05  1.79918441e+02 
 6.45654229e+05  2.98809937e+01  6.45654229e+05  1.79916542e+02 
 6.60693448e+05  2.98809933e+01  6.60693448e+05  1.79914598e+02 
 6.76082975e+05  2.98809928e+01  6.76082975e+05  1.79912608e+02 
 6.91830971e+05  2.98809923e+01  6.91830971e+05  1.79910573e+02 
 7.07945784e+05  2.98809917e+01  7.07945784e+05  1.79908490e+02 
 7.24435960e+05  2.98809912e+01  7.24435960e+05  1.79906358e+02 
 7.41310241e+05  2.98809906e+01  7.41310241e+05  1.79904177e+02 
 7.58577575e+05  2.98809900e+01  7.58577575e+05  1.79901945e+02 
 7.76247117e+05  2.98809894e+01  7.76247117e+05  1.79899661e+02 
 7.94328235e+05  2.98809887e+01  7.94328235e+05  1.79897324e+02 
 8.12830516e+05  2.98809880e+01  8.12830516e+05  1.79894932e+02 
 8.31763771e+05  2.98809873e+01  8.31763771e+05  1.79892485e+02 
 8.51138038e+05  2.98809865e+01  8.51138038e+05  1.79889980e+02 
 8.70963590e+05  2.98809857e+01  8.70963590e+05  1.79887418e+02 
 8.91250938e+05  2.98809849e+01  8.91250938e+05  1.79884795e+02 
 9.12010839e+05  2.98809840e+01  9.12010839e+05  1.79882112e+02 
 9.33254301e+05  2.98809831e+01  9.33254301e+05  1.79879366e+02 
 9.54992586e+05  2.98809821e+01  9.54992586e+05  1.79876556e+02 
 9.77237221e+05  2.98809811e+01  9.77237221e+05  1.79873681e+02 
 1.00000000e+06  2.98809800e+01  1.00000000e+06  1.79870738e+02 
 1.02329299e+06  2.98809789e+01  1.02329299e+06  1.79867728e+02 
 1.04712855e+06  2.98809778e+01  1.04712855e+06  1.79864647e+02 
 1.07151931e+06  2.98809766e+01  1.07151931e+06  1.79861494e+02 
 1.09647820e+06  2.98809753e+01  1.09647820e+06  1.79858268e+02 
 1.12201845e+06  2.98809739e+01  1.12201845e+06  1.79854966e+02 
 1.14815362e+06  2.98809726e+01  1.14815362e+06  1.79851588e+02 
 1.17489755e+06  2.98809711e+01  1.17489755e+06  1.79848131e+02 
 1.20226443e+06  2.98809696e+01  1.20226443e+06  1.79844594e+02 
 1.23026877e+06  2.98809680e+01  1.23026877e+06  1.79840974e+02 
 1.25892541e+06  2.98809663e+01  1.25892541e+06  1.79837269e+02 
 1.28824955e+06  2.98809645e+01  1.28824955e+06  1.79833479e+02 
 1.31825674e+06  2.98809627e+01  1.31825674e+06  1.79829600e+02 
 1.34896288e+06  2.98809608e+01  1.34896288e+06  1.79825631e+02 
 1.38038426e+06  2.98809588e+01  1.38038426e+06  1.79821570e+02 
 1.41253754e+06  2.98809567e+01  1.41253754e+06  1.79817413e+02 
 1.44543977e+06  2.98809545e+01  1.44543977e+06  1.79813161e+02 
 1.47910839e+06  2.98809521e+01  1.47910839e+06  1.79808809e+02 
 1.51356125e+06  2.98809497e+01  1.51356125e+06  1.79804355e+02 
 1.54881662e+06  2.98809472e+01  1.54881662e+06  1.79799798e+02 
 1.58489319e+06  2.98809445e+01  1.58489319e+06  1.79795135e+02 
 1.62181010e+06  2.98809418e+01  1.62181010e+06  1.79790363e+02 
 1.65958691e+06  2.98809388e+01  1.65958691e+06  1.79785480e+02 
 1.69824365e+06  2.98809358e+01  1.69824365e+06  1.79780483e+02 
 1.73780083e+06  2.98809326e+01  1.73780083e+06  1.79775370e+02 
 1.77827941e+06  2.98809293e+01  1.77827941e+06  1.79770138e+02 
 1.81970086e+06  2.98809258e+01  1.81970086e+06  1.79764784e+02 
 1.86208714e+06  2.98809221e+01  1.86208714e+06  1.79759305e+02 
 1.90546072e+06  2.98809183e+01  1.90546072e+06  1.79753698e+02 
 1.94984460e+06  2.98809142e+01  1.94984460e+06  1.79747961e+02 
 1.99526231e+06  2.98809100e+01  1.99526231e+06  1.79742091e+02 
 2.04173794e+06  2.98809056e+01  2.04173794e+06  1.79736083e+02 
 2.08929613e+06  2.98809010e+01  2.08929613e+06  1.79729936e+02 
 2.13796209e+06  2.98808962e+01  2.13796209e+06  1.79723646e+02 
 2.18776162e+06  2.98808911e+01  2.18776162e+06  1.79717209e+02 
 2.23872114e+06  2.98808858e+01  2.23872114e+06  1.79710622e+02 
 2.29086765e+06  2.98808803e+01  2.29086765e+06  1.79703881e+02 
 2.34422882e+06  2.98808745e+01  2.34422882e+06  1.79696984e+02 
 2.39883292e+06  2.98808684e+01  2.39883292e+06  1.79689926e+02 
 2.45470892e+06  2.98808620e+01  2.45470892e+06  1.79682704e+02 
 2.51188643e+06  2.98808554e+01  2.51188643e+06  1.79675313e+02 
 2.57039578e+06  2.98808484e+01  2.57039578e+06  1.79667750e+02 
 2.63026799e+06  2.98808411e+01  2.63026799e+06  1.79660011e+02 
 2.69153480e+06  2.98808334e+01  2.69153480e+06  1.79652092e+02 
 2.75422870e+06  2.98808254e+01  2.75422870e+06  1.79643989e+02 
 2.81838293e+06  2.98808170e+01  2.81838293e+06  1.79635696e+02 
 2.88403150e+06  2.98808082e+01  2.88403150e+06  1.79627211e+02 
 2.95120923e+06  2.98807990e+01  2.95120923e+06  1.79618528e+02 
 3.01995172e+06  2.98807894e+01  3.01995172e+06  1.79609642e+02 
 3.09029543e+06  2.98807793e+01  3.09029543e+06  1.79600550e+02 
 3.16227766e+06  2.98807687e+01  3.16227766e+06  1.79591246e+02 
 3.23593657e+06  2.98807576e+01  3.23593657e+06  1.79581725e+02 
 3.31131121e+06  2.98807461e+01  3.31131121e+06  1.79571983e+02 
 3.38844156e+06  2.98807339e+01  3.38844156e+06  1.79562014e+02 
 3.46736850e+06  2.98807212e+01  3.46736850e+06  1.79551812e+02 
 3.54813389e+06  2.98807079e+01  3.54813389e+06  1.79541373e+02 
 3.63078055e+06  2.98806940e+01  3.63078055e+06  1.79530691e+02 
 3.71535229e+06  2.98806794e+01  3.71535229e+06  1.79519760e+02 
 3.80189396e+06  2.98806641e+01  3.80189396e+06  1.79508574e+02 
 3.89045145e+06  2.98806481e+01  3.89045145e+06  1.79497128e+02 
 3.98107171e+06  2.98806314e+01  3.98107171e+06  1.79485415e+02 
 4.07380278e+06  2.98806138e+01  4.07380278e+06  1.79473430e+02 
 4.16869383e+06  2.98805955e+01  4.16869383e+06  1.79461165e+02 
 4.26579519e+06  2.98805763e+01  4.26579519e+06  1.79448615e+02 
 4.36515832e+06  2.98805561e+01  4.36515832e+06  1.79435773e+02 
 4.46683592e+06  2.98805350e+01  4.46683592e+06  1.79422631e+02 
 4.57088190e+06  2.98805130e+01  4.57088190e+06  1.79409184e+02 
 4.67735141e+06  2.98804898e+01  4.67735141e+06  1.79395423e+02 
 4.78630092e+06  2.98804656e+01  4.78630092e+06  1.79381342e+02 
 4.89778819e+06  2.98804403e+01  4.89778819e+06  1.79366933e+02 
 5.01187234e+06  2.98804137e+01  5.01187234e+06  1.79352188e+02 
 5.12861384e+06  2.98803860e+01  5.12861384e+06  1.79337100e+02 
 5.24807460e+06  2.98803568e+01  5.24807460e+06  1.79321661e+02 
 5.37031796e+06  2.98803264e+01  5.37031796e+06  1.79305862e+02 
 5.49540874e+06  2.98802945e+01  5.49540874e+06  1.79289695e+02 
 5.62341325e+06  2.98802611e+01  5.62341325e+06  1.79273152e+02 
 5.75439937e+06  2.98802261e+01  5.75439937e+06  1.79256224e+02 
 5.88843655e+06  2.98801894e+01  5.88843655e+06  1.79238902e+02 
 6.02559586e+06  2.98801511e+01  6.02559586e+06  1.79221176e+02 
 6.16595002e+06  2.98801109e+01  6.16595002e+06  1.79203037e+02 
 6.30957344e+06  2.98800688e+01  6.30957344e+06  1.79184477e+02 
 6.45654229e+06  2.98800248e+01  6.45654229e+06  1.79165484e+02 
 6.60693448e+06  2.98799787e+01  6.60693448e+06  1.79146049e+02 
 6.76082975e+06  2.98799304e+01  6.76082975e+06  1.79126161e+02 
 6.91830971e+06  2.98798798e+01  6.91830971e+06  1.79105811e+02 
 7.07945784e+06  2.98798269e+01  7.07945784e+06  1.79084986e+02 
 7.24435960e+06  2.98797714e+01  7.24435960e+06  1.79063677e+02 
 7.41310241e+06  2.98797134e+01  7.41310241e+06  1.79041872e+02 
 7.58577575e+06  2.98796526e+01  7.58577575e+06  1.79019560e+02 
 7.76247117e+06  2.98795889e+01  7.76247117e+06  1.78996728e+02 
 7.94328235e+06  2.98795223e+01  7.94328235e+06  1.78973364e+02 
 8.12830516e+06  2.98794525e+01  8.12830516e+06  1.78949457e+02 
 8.31763771e+06  2.98793794e+01  8.31763771e+06  1.78924993e+02 
 8.51138038e+06  2.98793029e+01  8.51138038e+06  1.78899960e+02 
 8.70963590e+06  2.98792227e+01  8.70963590e+06  1.78874344e+02 
 8.91250938e+06  2.98791388e+01  8.91250938e+06  1.78848133e+02 
 9.12010839e+06  2.98790510e+01  9.12010839e+06  1.78821311e+02 
 9.33254301e+06  2.98789590e+01  9.33254301e+06  1.78793865e+02 
 9.54992586e+06  2.98788626e+01  9.54992586e+06  1.78765780e+02 
 9.77237221e+06  2.98787618e+01  9.77237221e+06  1.78737042e+02 
 1.00000000e+07  2.98786562e+01  1.00000000e+07  1.78707636e+02 
 1.02329299e+07  2.98785456e+01  1.02329299e+07  1.78677545e+02 
 1.04712855e+07  2.98784298e+01  1.04712855e+07  1.78646754e+02 
 1.07151931e+07  2.98783085e+01  1.07151931e+07  1.78615247e+02 
 1.09647820e+07  2.98781815e+01  1.09647820e+07  1.78583007e+02 
 1.12201845e+07  2.98780486e+01  1.12201845e+07  1.78550017e+02 
 1.14815362e+07  2.98779094e+01  1.14815362e+07  1.78516260e+02 
 1.17489755e+07  2.98777636e+01  1.17489755e+07  1.78481718e+02 
 1.20226443e+07  2.98776110e+01  1.20226443e+07  1.78446372e+02 
 1.23026877e+07  2.98774512e+01  1.23026877e+07  1.78410205e+02 
 1.25892541e+07  2.98772839e+01  1.25892541e+07  1.78373197e+02 
 1.28824955e+07  2.98771087e+01  1.28824955e+07  1.78335328e+02 
 1.31825674e+07  2.98769252e+01  1.31825674e+07  1.78296579e+02 
 1.34896288e+07  2.98767331e+01  1.34896288e+07  1.78256930e+02 
 1.38038426e+07  2.98765320e+01  1.38038426e+07  1.78216358e+02 
 1.41253754e+07  2.98763214e+01  1.41253754e+07  1.78174844e+02 
 1.44543977e+07  2.98761009e+01  1.44543977e+07  1.78132365e+02 
 1.47910839e+07  2.98758700e+01  1.47910839e+07  1.78088900e+02 
 1.51356125e+07  2.98756282e+01  1.51356125e+07  1.78044424e+02 
 1.54881662e+07  2.98753751e+01  1.54881662e+07  1.77998915e+02 
 1.58489319e+07  2.98751100e+01  1.58489319e+07  1.77952349e+02 
 1.62181010e+07  2.98748325e+01  1.62181010e+07  1.77904702e+02 
 1.65958691e+07  2.98745419e+01  1.65958691e+07  1.77855949e+02 
 1.69824365e+07  2.98742377e+01  1.69824365e+07  1.77806063e+02 
 1.73780083e+07  2.98739191e+01  1.73780083e+07  1.77755020e+02 
 1.77827941e+07  2.98735856e+01  1.77827941e+07  1.77702792e+02 
 1.81970086e+07  2.98732363e+01  1.81970086e+07  1.77649352e+02 
 1.86208714e+07  2.98728707e+01  1.86208714e+07  1.77594672e+02 
 1.90546072e+07  2.98724878e+01  1.90546072e+07  1.77538723e+02 
 1.94984460e+07  2.98720870e+01  1.94984460e+07  1.77481478e+02 
 1.99526231e+07  2.98716673e+01  1.99526231e+07  1.77422904e+02 
 2.04173794e+07  2.98712278e+01  2.04173794e+07  1.77362973e+02 
 2.08929613e+07  2.98707677e+01  2.08929613e+07  1.77301653e+02 
 2.13796209e+07  2.98702860e+01  2.13796209e+07  1.77238912e+02 
 2.18776162e+07  2.98697817e+01  2.18776162e+07  1.77174717e+02 
 2.23872114e+07  2.98692537e+01  2.23872114e+07  1.77109036e+02 
 2.29086765e+07  2.98687008e+01  2.29086765e+07  1.77041834e+02 
 2.34422882e+07  2.98681220e+01  2.34422882e+07  1.76973076e+02 
 2.39883292e+07  2.98675160e+01  2.39883292e+07  1.76902728e+02 
 2.45470892e+07  2.98668816e+01  2.45470892e+07  1.76830751e+02 
 2.51188643e+07  2.98662173e+01  2.51188643e+07  1.76757111e+02 
 2.57039578e+07  2.98655219e+01  2.57039578e+07  1.76681767e+02 
 2.63026799e+07  2.98647939e+01  2.63026799e+07  1.76604683e+02 
 2.69153480e+07  2.98640316e+01  2.69153480e+07  1.76525818e+02 
 2.75422870e+07  2.98632337e+01  2.75422870e+07  1.76445132e+02 
 2.81838293e+07  2.98623983e+01  2.81838293e+07  1.76362583e+02 
 2.88403150e+07  2.98615237e+01  2.88403150e+07  1.76278129e+02 
 2.95120923e+07  2.98606082e+01  2.95120923e+07  1.76191728e+02 
 3.01995172e+07  2.98596497e+01  3.01995172e+07  1.76103335e+02 
 3.09029543e+07  2.98586463e+01  3.09029543e+07  1.76012906e+02 
 3.16227766e+07  2.98575960e+01  3.16227766e+07  1.75920394e+02 
 3.23593657e+07  2.98564964e+01  3.23593657e+07  1.75825752e+02 
 3.31131121e+07  2.98553454e+01  3.31131121e+07  1.75728933e+02 
 3.38844156e+07  2.98541405e+01  3.38844156e+07  1.75629889e+02 
 3.46736850e+07  2.98528792e+01  3.46736850e+07  1.75528569e+02 
 3.54813389e+07  2.98515589e+01  3.54813389e+07  1.75424922e+02 
 3.63078055e+07  2.98501769e+01  3.63078055e+07  1.75318897e+02 
 3.71535229e+07  2.98487304e+01  3.71535229e+07  1.75210441e+02 
 3.80189396e+07  2.98472162e+01  3.80189396e+07  1.75099500e+02 
 3.89045145e+07  2.98456314e+01  3.89045145e+07  1.74986019e+02 
 3.98107171e+07  2.98439725e+01  3.98107171e+07  1.74869942e+02 
 4.07380278e+07  2.98422363e+01  4.07380278e+07  1.74751212e+02 
 4.16869383e+07  2.98404191e+01  4.16869383e+07  1.74629770e+02 
 4.26579519e+07  2.98385172e+01  4.26579519e+07  1.74505557e+02 
 4.36515832e+07  2.98365268e+01  4.36515832e+07  1.74378514e+02 
 4.46683592e+07  2.98344436e+01  4.46683592e+07  1.74248577e+02 
 4.57088190e+07  2.98322635e+01  4.57088190e+07  1.74115685e+02 
 4.67735141e+07  2.98299820e+01  4.67735141e+07  1.73979773e+02 
 4.78630092e+07  2.98275945e+01  4.78630092e+07  1.73840777e+02 
 4.89778819e+07  2.98250961e+01  4.89778819e+07  1.73698631e+02 
 5.01187234e+07  2.98224817e+01  5.01187234e+07  1.73553266e+02 
 5.12861384e+07  2.98197460e+01  5.12861384e+07  1.73404616e+02 
 5.24807460e+07  2.98168836e+01  5.24807460e+07  1.73252609e+02 
 5.37031796e+07  2.98138885e+01  5.37031796e+07  1.73097176e+02 
 5.49540874e+07  2.98107549e+01  5.49540874e+07  1.72938245e+02 
 5.62341325e+07  2.98074764e+01  5.62341325e+07  1.72775742e+02 
 5.75439937e+07  2.98040465e+01  5.75439937e+07  1.72609593e+02 
 5.88843655e+07  2.98004582e+01  5.88843655e+07  1.72439724e+02 
 6.02559586e+07  2.97967045e+01  6.02559586e+07  1.72266057e+02 
 6.16595002e+07  2.97927779e+01  6.16595002e+07  1.72088516e+02 
 6.30957344e+07  2.97886706e+01  6.30957344e+07  1.71907023e+02 
 6.45654229e+07  2.97843746e+01  6.45654229e+07  1.71721496e+02 
 6.60693448e+07  2.97798813e+01  6.60693448e+07  1.71531857e+02 
 6.76082975e+07  2.97751820e+01  6.76082975e+07  1.71338024e+02 
 6.91830971e+07  2.97702675e+01  6.91830971e+07  1.71139914e+02 
 7.07945784e+07  2.97651282e+01  7.07945784e+07  1.70937443e+02 
 7.24435960e+07  2.97597542e+01  7.24435960e+07  1.70730529e+02 
 7.41310241e+07  2.97541351e+01  7.41310241e+07  1.70519086e+02 
 7.58577575e+07  2.97482602e+01  7.58577575e+07  1.70303027e+02 
 7.76247117e+07  2.97421181e+01  7.76247117e+07  1.70082268e+02 
 7.94328235e+07  2.97356972e+01  7.94328235e+07  1.69856720e+02 
 8.12830516e+07  2.97289854e+01  8.12830516e+07  1.69626297e+02 
 8.31763771e+07  2.97219701e+01  8.31763771e+07  1.69390909e+02 
 8.51138038e+07  2.97146380e+01  8.51138038e+07  1.69150469e+02 
 8.70963590e+07  2.97069755e+01  8.70963590e+07  1.68904888e+02 
 8.91250938e+07  2.96989684e+01  8.91250938e+07  1.68654077e+02 
 9.12010839e+07  2.96906021e+01  9.12010839e+07  1.68397947e+02 
 9.33254301e+07  2.96818612e+01  9.33254301e+07  1.68136408e+02 
 9.54992586e+07  2.96727298e+01  9.54992586e+07  1.67869371e+02 
 9.77237221e+07  2.96631916e+01  9.77237221e+07  1.67596749e+02 
 1.00000000e+08  2.96532294e+01  1.00000000e+08  1.67318452e+02 
 1.02329299e+08  2.96428256e+01  1.02329299e+08  1.67034392e+02 
 1.04712855e+08  2.96319618e+01  1.04712855e+08  1.66744483e+02 
 1.07151931e+08  2.96206191e+01  1.07151931e+08  1.66448637e+02 
 1.09647820e+08  2.96087779e+01  1.09647820e+08  1.66146770e+02 
 1.12201845e+08  2.95964178e+01  1.12201845e+08  1.65838798e+02 
 1.14815362e+08  2.95835180e+01  1.14815362e+08  1.65524637e+02 
 1.17489755e+08  2.95700566e+01  1.17489755e+08  1.65204207e+02 
 1.20226443e+08  2.95560114e+01  1.20226443e+08  1.64877429e+02 
 1.23026877e+08  2.95413592e+01  1.23026877e+08  1.64544224e+02 
 1.25892541e+08  2.95260762e+01  1.25892541e+08  1.64204517e+02 
 1.28824955e+08  2.95101379e+01  1.28824955e+08  1.63858237e+02 
 1.31825674e+08  2.94935190e+01  1.31825674e+08  1.63505313e+02 
 1.34896288e+08  2.94761934e+01  1.34896288e+08  1.63145679e+02 
 1.38038426e+08  2.94581344e+01  1.38038426e+08  1.62779271e+02 
 1.41253754e+08  2.94393145e+01  1.41253754e+08  1.62406028e+02 
 1.44543977e+08  2.94197055e+01  1.44543977e+08  1.62025896e+02 
 1.47910839e+08  2.93992784e+01  1.47910839e+08  1.61638822e+02 
 1.51356125e+08  2.93780034e+01  1.51356125e+08  1.61244758e+02 
 1.54881662e+08  2.93558503e+01  1.54881662e+08  1.60843662e+02 
 1.58489319e+08  2.93327879e+01  1.58489319e+08  1.60435497e+02 
 1.62181010e+08  2.93087844e+01  1.62181010e+08  1.60020229e+02 
 1.65958691e+08  2.92838073e+01  1.65958691e+08  1.59597834e+02 
 1.69824365e+08  2.92578235e+01  1.69824365e+08  1.59168291e+02 
 1.73780083e+08  2.92307993e+01  1.73780083e+08  1.58731586e+02 
 1.77827941e+08  2.92027003e+01  1.77827941e+08  1.58287712e+02 
 1.81970086e+08  2.91734916e+01  1.81970086e+08  1.57836670e+02 
 1.86208714e+08  2.91431379e+01  1.86208714e+08  1.57378467e+02 
 1.90546072e+08  2.91116032e+01  1.90546072e+08  1.56913119e+02 
 1.94984460e+08  2.90788510e+01  1.94984460e+08  1.56440649e+02 
 1.99526231e+08  2.90448447e+01  1.99526231e+08  1.55961090e+02 
 2.04173794e+08  2.90095471e+01  2.04173794e+08  1.55474482e+02 
 2.08929613e+08  2.89729208e+01  2.08929613e+08  1.54980877e+02 
 2.13796209e+08  2.89349282e+01  2.13796209e+08  1.54480333e+02 
 2.18776162e+08  2.88955313e+01  2.18776162e+08  1.53972920e+02 
 2.23872114e+08  2.88546923e+01  2.23872114e+08  1.53458717e+02 
 2.29086765e+08  2.88123732e+01  2.29086765e+08  1.52937813e+02 
 2.34422882e+08  2.87685361e+01  2.34422882e+08  1.52410309e+02 
 2.39883292e+08  2.87231431e+01  2.39883292e+08  1.51876315e+02 
 2.45470892e+08  2.86761565e+01  2.45470892e+08  1.51335952e+02 
 2.51188643e+08  2.86275392e+01  2.51188643e+08  1.50789353e+02 
 2.57039578e+08  2.85772540e+01  2.57039578e+08  1.50236661e+02 
 2.63026799e+08  2.85252645e+01  2.63026799e+08  1.49678031e+02 
 2.69153480e+08  2.84715347e+01  2.69153480e+08  1.49113628e+02 
 2.75422870e+08  2.84160293e+01  2.75422870e+08  1.48543629e+02 
 2.81838293e+08  2.83587139e+01  2.81838293e+08  1.47968223e+02 
 2.88403150e+08  2.82995546e+01  2.88403150e+08  1.47387609e+02 
 2.95120923e+08  2.82385187e+01  2.95120923e+08  1.46801998e+02 
 3.01995172e+08  2.81755746e+01  3.01995172e+08  1.46211609e+02 
 3.09029543e+08  2.81106916e+01  3.09029543e+08  1.45616676e+02 
 3.16227766e+08  2.80438406e+01  3.16227766e+08  1.45017440e+02 
 3.23593657e+08  2.79749936e+01  3.23593657e+08  1.44414154e+02 
 3.31131121e+08  2.79041240e+01  3.31131121e+08  1.43807079e+02 
 3.38844156e+08  2.78312071e+01  3.38844156e+08  1.43196487e+02 
 3.46736850e+08  2.77562193e+01  3.46736850e+08  1.42582659e+02 
 3.54813389e+08  2.76791393e+01  3.54813389e+08  1.41965883e+02 
 3.63078055e+08  2.75999472e+01  3.63078055e+08  1.41346455e+02 
 3.71535229e+08  2.75186253e+01  3.71535229e+08  1.40724680e+02 
 3.80189396e+08  2.74351576e+01  3.80189396e+08  1.40100869e+02 
 3.89045145e+08  2.73495303e+01  3.89045145e+08  1.39475339e+02 
 3.98107171e+08  2.72617318e+01  3.98107171e+08  1.38848411e+02 
 4.07380278e+08  2.71717524e+01  4.07380278e+08  1.38220412e+02 
 4.16869383e+08  2.70795848e+01  4.16869383e+08  1.37591675e+02 
 4.26579519e+08  2.69852240e+01  4.26579519e+08  1.36962531e+02 
 4.36515832e+08  2.68886673e+01  4.36515832e+08  1.36333319e+02 
 4.46683592e+08  2.67899142e+01  4.46683592e+08  1.35704376e+02 
 4.57088190e+08  2.66889666e+01  4.57088190e+08  1.35076040e+02 
 4.67735141e+08  2.65858288e+01  4.67735141e+08  1.34448650e+02 
 4.78630092e+08  2.64805074e+01  4.78630092e+08  1.33822544e+02 
 4.89778819e+08  2.63730115e+01  4.89778819e+08  1.33198057e+02 
 5.01187234e+08  2.62633522e+01  5.01187234e+08  1.32575523e+02 
 5.12861384e+08  2.61515433e+01  5.12861384e+08  1.31955271e+02 
 5.24807460e+08  2.60376007e+01  5.24807460e+08  1.31337626e+02 
 5.37031796e+08  2.59215425e+01  5.37031796e+08  1.30722909e+02 
 5.49540874e+08  2.58033890e+01  5.49540874e+08  1.30111435e+02 
 5.62341325e+08  2.56831628e+01  5.62341325e+08  1.29503510e+02 
 5.75439937e+08  2.55608883e+01  5.75439937e+08  1.28899437e+02 
 5.88843655e+08  2.54365921e+01  5.88843655e+08  1.28299506e+02 
 6.02559586e+08  2.53103028e+01  6.02559586e+08  1.27704003e+02 
 6.16595002e+08  2.51820505e+01  6.16595002e+08  1.27113202e+02 
 6.30957344e+08  2.50518674e+01  6.30957344e+08  1.26527368e+02 
 6.45654229e+08  2.49197873e+01  6.45654229e+08  1.25946756e+02 
 6.60693448e+08  2.47858454e+01  6.60693448e+08  1.25371610e+02 
 6.76082975e+08  2.46500786e+01  6.76082975e+08  1.24802162e+02 
 6.91830971e+08  2.45125251e+01  6.91830971e+08  1.24238636e+02 
 7.07945784e+08  2.43732243e+01  7.07945784e+08  1.23681239e+02 
 7.24435960e+08  2.42322170e+01  7.24435960e+08  1.23130169e+02 
 7.41310241e+08  2.40895448e+01  7.41310241e+08  1.22585612e+02 
 7.58577575e+08  2.39452505e+01  7.58577575e+08  1.22047739e+02 
 7.76247117e+08  2.37993778e+01  7.76247117e+08  1.21516712e+02 
 7.94328235e+08  2.36519709e+01  7.94328235e+08  1.20992677e+02 
 8.12830516e+08  2.35030751e+01  8.12830516e+08  1.20475768e+02 
 8.31763771e+08  2.33527359e+01  8.31763771e+08  1.19966107e+02 
 8.51138038e+08  2.32009996e+01  8.51138038e+08  1.19463802e+02 
 8.70963590e+08  2.30479127e+01  8.70963590e+08  1.18968949e+02 
 8.91250938e+08  2.28935221e+01  8.91250938e+08  1.18481631e+02 
 9.12010839e+08  2.27378750e+01  9.12010839e+08  1.18001918e+02 
 9.33254301e+08  2.25810188e+01  9.33254301e+08  1.17529868e+02 
 9.54992586e+08  2.24230007e+01  9.54992586e+08  1.17065527e+02 
 9.77237221e+08  2.22638682e+01  9.77237221e+08  1.16608927e+02 
 1.00000000e+09  2.21036686e+01  1.00000000e+09  1.16160090e+02 
